"","UMAP_1","UMAP_2"
"AAACCCACAATCTCTT-1",-0.682852001032621,-4.91464932160205
"AAACCCACAGCAGACA-1",-0.425977022490293,-2.60395748810596
"AAACCCAGTAGGTTTC-1",-4.35685613854864,-0.714807881878082
"AAACCCAGTATCGATC-1",-3.08683303101996,-3.60155112938708
"AAACCCATCCTTGGAA-1",-2.4260979007099,1.65005903048688
"AAACGAACAAACACGG-1",0.115590288200587,-2.50857169823474
"AAACGAACACGTAGAG-1",-1.61664751275519,2.01245670123273
"AAACGAAGTGGGTTGA-1",-1.12458971246222,0.97060857815915
"AAACGAATCGGTAGAG-1",3.3583943535473,4.14735095305615
"AAACGCTAGTCCCAAT-1",-1.33871856435278,1.34960071845227
"AAACGCTAGTCGGCAA-1",-1.02693089946249,3.21878592772656
"AAACGCTCAAACACCT-1",-1.5792333196018,1.36402957244092
"AAACGCTGTCGTCTCT-1",-2.22924330934027,-2.02848870949573
"AAACGCTGTGAATATG-1",-2.58195665582159,-0.854640199707214
"AAACGCTGTGTGCTTA-1",-2.06451442941168,-3.56603725151843
"AAAGAACAGATTAGTG-1",-4.22692993386725,-0.778113855884734
"AAAGAACAGCCATTCA-1",-0.670860857805997,-1.00767476754016
"AAAGAACGTATTCCTT-1",-4.29186800225714,-1.30033607678241
"AAAGAACTCTTAATCC-1",-2.56021478875616,-2.68559200959033
"AAAGGATAGCGCCTTG-1",0.236873119034975,0.823534355594453
"AAAGGATGTCTATGAC-1",2.40298601881525,0.135622591807183
"AAAGGATGTTCGAAGG-1",-4.75542953713873,0.0551357074665391
"AAAGGATTCGCATGAT-1",-3.54798749192694,-2.53245742516345
"AAAGGATTCTGAATCG-1",0.159538625636309,-2.02101524071521
"AAAGGGCCACACGGTC-1",3.6276826550152,4.7623235444563
"AAAGGGCGTCTACAAC-1",1.10983022943994,-3.79919345574206
"AAAGGTAAGCACTAAA-1",-0.669162065825254,0.753601835204896
"AAAGGTAAGGGCTTCC-1",-1.97477105363348,2.5080715875166
"AAAGGTAGTGCCCACA-1",-0.519156457028181,-4.0176590223772
"AAAGGTAGTGCGTTTA-1",-4.4544604132984,-1.83496017651385
"AAAGTCCCATCTAACG-1",2.78162524000666,5.00497453017407
"AAAGTCCGTAGTGATA-1",-0.312427834710867,-4.40391333298511
"AAAGTCCGTCTTCTAT-1",2.13882896200678,3.21947376532727
"AAAGTCCGTGGATCAG-1",0.129053830065936,-3.83564312653369
"AAAGTCCGTTCCGTTC-1",0.410682349362582,-2.61605556206531
"AAAGTGAAGACGACTG-1",-1.07768794997671,-1.38925595478839
"AAAGTGACAATAGGAT-1",3.62338825956842,1.08810250563794
"AAAGTGACAGGTAGTG-1",4.79778787390253,2.01319460673505
"AAAGTGATCAAACCTG-1",-2.80403378709295,-3.70109422402209
"AAAGTGATCCTGGTCT-1",1.05904111162683,-3.42566807465381
"AAATGGAAGGTACTGG-1",-1.9383014748905,1.38928799433881
"AAATGGACAAACGAGC-1",0.279083340325564,0.335202382041749
"AAATGGACACAGAGAC-1",-3.45525911553839,-0.956252648399535
"AAATGGACAGGCTTGC-1",-0.837331683478147,-1.70070095257587
"AAATGGAGTTGCGGAA-1",-0.788513095221311,0.874620900584992
"AAATGGATCCATTTAC-1",1.77448376909754,5.11975447936231
"AACAAAGAGGCGTCCT-1",-4.90590790017584,-0.137180833981696
"AACAAAGCAACGTAAA-1",-0.145251767813057,-2.178412987755
"AACAAAGCAATGCTCA-1",-0.453016013941557,-0.437754853532974
"AACAAAGTCCATTTGT-1",-0.841632695040495,0.993766174747285
"AACAAAGTCTGGCCTT-1",0.0978455533172783,-2.83758790688342
"AACAACCCAAGAATGT-1",0.735886066117495,1.09988503260785
"AACAACCCACGTGTGC-1",-2.75194051965216,-3.67128713326282
"AACAACCGTCCTCAGG-1",-0.505337209543974,0.44991041822606
"AACAAGACACCGTACG-1",-0.971569688162595,3.4501795033949
"AACAAGACAGAACGCA-1",1.12984189287683,4.39994160933667
"AACAAGACAGGACTTT-1",0.480234711327761,-4.74640925125903
"AACAAGACAGTAGATA-1",5.03204032675287,-0.665528132484618
"AACAAGATCAGCGTCG-1",5.73721715704462,0.804772005512055
"AACAAGATCCCAAGCG-1",0.845407753148287,-3.61516530709094
"AACAAGATCTCCGAGG-1",0.0968803902055916,-5.02789194779224
"AACACACAGATCGCTT-1",3.04110810057184,4.14803330702954
"AACACACAGCCACCGT-1",-5.61582878335455,-0.725163712070647
"AACACACAGGAACATT-1",-2.18424251779059,-1.97010476784534
"AACACACAGTTCCGGC-1",-1.23905173047522,-0.0723316361171639
"AACACACCAACGGCTC-1",6.13469907537958,1.49783782763654
"AACACACCACACAGAG-1",-0.956619412741453,0.973934398128327
"AACACACCACGCTGCA-1",-0.330407560906202,-5.38337166504687
"AACACACCAGGCAATG-1",3.44631382719538,3.0140473107832
"AACACACCATACTTTC-1",-4.78470686181524,0.0432971421188229
"AACACACGTGTCCGGT-1",-0.135633677347392,-3.64879138665027
"AACAGGGCAACCGGAA-1",3.28241178289911,3.12099783225232
"AACAGGGGTTGTCAGT-1",-0.440068633398801,-0.910795106456939
"AACAGGGTCCTGTACC-1",-2.4247813533161,1.32302229209119
"AACAGGGTCGCTGTCT-1",2.99327418104669,1.72356157107526
"AACAGGGTCTCATTAC-1",-0.880161435446531,-3.41259105400867
"AACCAACAGCGAGGAG-1",0.169226585784167,-5.18702109055347
"AACCAACAGGCACCAA-1",-1.25962439282873,-0.201401769087974
"AACCAACAGTCACTAC-1",-1.90906325086096,-0.335090204046432
"AACCAACAGTGGAATT-1",5.11535093084833,-0.714915229843322
"AACCAACGTACCCGCA-1",-3.13860300286749,-3.43065555291003
"AACCAACGTACCTATG-1",-2.67813232644537,2.13546387953931
"AACCACAAGCCAGAGT-1",5.7491061379101,1.33125369353467
"AACCACAAGGGTGGGA-1",-2.58408430322149,2.34278886122876
"AACCACAGTGGTAATA-1",3.40478488699457,4.53070752425366
"AACCACAGTGTCATGT-1",0.908542244591921,-3.64272768692798
"AACCACATCGGATAAA-1",-2.10831704839209,-2.8776636858446
"AACCACATCTGAGAGG-1",0.33590415016672,0.639979169799622
"AACCACATCTTAGCTT-1",-5.93912866815069,-0.140681906507674
"AACCATGAGCTGACTT-1",5.49212142721674,-0.124237238333884
"AACCATGGTCGTTCAA-1",2.00050160185358,1.7324573258894
"AACCATGGTGTCCGTG-1",-2.04700544579962,-3.56390268997974
"AACCATGTCGTGAGAG-1",-0.32234703107813,-3.2931020994646
"AACCCAAAGTATGACA-1",3.76884767309686,-0.062395363019172
"AACCTGACAATAGGGC-1",-0.946565956911832,-2.6897564669115
"AACCTGACAGACCCGT-1",-1.25361982091406,2.01264600558453
"AACCTGACAGGCCCTA-1",-6.11125782235602,-0.455843224094573
"AACCTGAGTGATTCTG-1",1.05221828714868,2.434961722328
"AACCTGAGTTAACAGA-1",-3.539537699065,-2.86971671776599
"AACCTGAGTTCGTTCC-1",0.832488744416445,3.69462673468762
"AACCTGATCGTGAGAG-1",-0.652979345164091,-1.55831511215991
"AACCTTTAGAAATTCG-1",1.28518423334619,3.50680653853589
"AACCTTTAGCCGGAAT-1",4.77585288778803,-0.234042658374969
"AACCTTTAGCTGAAGC-1",2.00379320875666,4.58215586943799
"AACCTTTAGTCAGAGC-1",0.568518905797213,3.93273036284619
"AACCTTTTCACACGAT-1",-3.74089053376654,-2.3316705961687
"AACCTTTTCCATACTT-1",-0.680443079314024,1.23583953185254
"AACCTTTTCGGTAGAG-1",-0.592982144198209,-4.62555678086108
"AACGAAAAGCAACTTC-1",-2.02720025285223,-2.43955762581653
"AACGAAACAATACAGA-1",-2.64938262208441,-3.68050940232104
"AACGAAAGTCACTCAA-1",3.52674218908808,3.8815542916792
"AACGAAAGTGCCGTTG-1",-0.503435255131513,0.135902338756856
"AACGGGAAGCCATATC-1",-1.22834423287848,3.02104465766126
"AACGGGAAGCCATTCA-1",-5.52847460015753,-0.574469162986938
"AACGGGAAGGTTCCAT-1",1.6857504536297,4.62490765853101
"AACGTCACAATTGCGT-1",5.20875808493158,0.419882045223054
"AACGTCACAGGGTCTC-1",-2.326567203841,1.81460647387677
"AACGTCAGTACAGTAA-1",-0.458009512266904,1.51971761984998
"AACGTCAGTCGAGCTC-1",3.08698269621393,4.25872819228345
"AACGTCATCAATGCAC-1",5.96919557348749,1.82451598448926
"AACTTCTTCGTAGGAG-1",0.985350458779543,1.8206674317854
"AAGAACAAGAGGATGA-1",1.72111412779352,2.16560523314649
"AAGAACAAGATGCCGA-1",4.05538579718134,0.173604861928757
"AAGAACAAGATGCGAC-1",-2.2257154296253,2.39029876990491
"AAGAACACACCTGCAG-1",5.11880847708246,1.15285115046674
"AAGAACAGTAGGCTCC-1",-3.81397989495733,-3.79523356156177
"AAGACAAAGTGCAGCA-1",-5.48545387490728,-0.320996328161422
"AAGACAACAGAAATTG-1",-1.36266341908911,-1.73996205525226
"AAGACAACATTAAAGG-1",2.34524723783991,3.54502789778882
"AAGACAACATTACGGT-1",6.2497255493786,0.449949548675355
"AAGACAAGTCGGAACA-1",-1.36033061250189,-3.05288298325366
"AAGACAATCCATTCAT-1",-1.29491523011664,-3.89584286408252
"AAGACTCGTAGTATAG-1",4.64708825842401,0.305979148580369
"AAGACTCGTCTCAGAT-1",-2.57167771562079,0.883554206325349
"AAGACTCGTGTTGCCG-1",1.59683474794885,4.15436236663037
"AAGACTCTCCATCTAT-1",-2.36120942338446,1.16414634986096
"AAGATAGAGAGGTATT-1",0.620131879010409,-4.96346123413867
"AAGATAGCAAGACGAC-1",3.84321257368585,0.00932410834604144
"AAGATAGCAGAAGTGC-1",-2.53976491197088,1.51635818286115
"AAGATAGCATTACTCT-1",0.905832617440432,-3.76631648735828
"AAGATAGGTAAGCTCT-1",-0.0846555541370216,-5.21157868103808
"AAGCATCCAGCTACAT-1",-4.26863840325812,-2.19914157585925
"AAGCATCCAGGTATGG-1",-3.44726351006964,-2.11229403214282
"AAGCATCCATTCTCCG-1",-2.8424043963764,-3.92274959282703
"AAGCATCGTGTCCCTT-1",-5.83918216927984,0.20227281851941
"AAGCATCTCCTAAACG-1",-1.57654884561041,-4.53985054688281
"AAGCCATAGATTGCGG-1",0.0488999028589424,3.49049036307507
"AAGCCATAGCTGCCAC-1",-1.0686651180599,3.14491264624768
"AAGCCATAGGTTCCAT-1",-1.30454364522436,-4.75521404938525
"AAGCCATAGTGGTGGT-1",-1.35311606629828,2.63126318259412
"AAGCCATCAGTTGTTG-1",1.66330703989527,3.69445078177625
"AAGCCATGTGCCTTCT-1",5.30694934622309,0.0637381236093605
"AAGCCATGTGCGAACA-1",1.19997391001245,4.49031798644238
"AAGCCATTCATCGCCT-1",-1.64592388375738,2.59536068244153
"AAGCGAGAGTTCCAGT-1",-0.621639014324934,1.66663329405957
"AAGCGAGGTGCACAAG-1",0.52893301741144,-3.30334193901843
"AAGCGAGTCGGTGTAT-1",-1.83238175614813,-1.43963558869189
"AAGCGTTAGCCTTTCC-1",-1.52935007317999,-3.08192022042102
"AAGCGTTGTGGATCAG-1",-3.46412327989081,-1.50556917385883
"AAGGAATAGGCTCTCG-1",6.09849807516596,1.66343323989087
"AAGGAATCAGGACAGT-1",-0.453504980644971,-0.268944038913909
"AAGGAATGTAGTTAGA-1",-0.393185407957822,-2.24205668167895
"AAGGAATTCACTGATG-1",1.12461349264643,-3.60789997772998
"AAGGTAACAGCAGATG-1",-0.569889755091459,3.45076219840222
"AAGGTAACATACTGTG-1",2.5924567867901,1.66586332125836
"AAGGTAATCTTGCAGA-1",4.46489497915766,1.69300668044263
"AAGTACCAGTCCGTCG-1",0.424219637074679,3.36956898970776
"AAGTACCGTACGCTAT-1",-3.46782115205267,-3.348734213875
"AAGTACCTCTCTGACC-1",3.94017717138788,4.21160714430982
"AAGTCGTGTGTGACCC-1",-1.98808434709051,-3.8905392427904
"AAGTCGTGTTTGGAGG-1",0.517964451470583,-3.62655861573047
"AAGTCGTTCCACGGGT-1",-1.38745799764136,0.48513282938176
"AAGTCGTTCCGGACGT-1",1.74589165941736,4.08532922072583
"AAGTCGTTCTGTCGTC-1",-1.38913503392676,0.0505116801733637
"AAGTGAACACAAATCC-1",-5.86598709329107,-0.964160992668334
"AAGTGAACACTGCATA-1",-0.850791723570615,0.683544025852021
"AAGTTCGAGGTAATCA-1",-1.32917717202643,-0.671033575103942
"AAGTTCGCATGGAATA-1",-5.94518450005987,-0.882779492901031
"AATAGAGAGGTAAGAG-1",-1.70175460084417,3.10580413146191
"AATAGAGGTCTCAGAT-1",-1.93988075955847,-1.17056234078235
"AATCACGAGGACGGAG-1",1.79620167509577,0.085881722255286
"AATCACGAGTTGTCAC-1",5.74772140280268,0.120879122151669
"AATCACGCACAAGCAG-1",3.55184575811884,4.4745194177168
"AATCACGCAGCACAGA-1",-0.176908754846841,-5.12107641892261
"AATCACGGTACGATCT-1",4.36964723364374,0.912430034114655
"AATCACGGTATACAGA-1",5.90555068747064,0.670126305057343
"AATCACGTCTGTTGGA-1",-0.16999153896311,2.27073352141553
"AATCGACAGAAGTGTT-1",-0.636013717493803,-0.902349068687621
"AATCGACTCATCTGTT-1",4.8053600479748,1.21635179324323
"AATCGTGAGCTATCTG-1",-0.9264224480007,-4.63140471176929
"AATCGTGAGGCTGAAC-1",-5.10132148965338,-0.648491873310271
"AATCGTGAGTTACGAA-1",-2.19159033997992,0.801518009139832
"AATCGTGGTCGATTTG-1",-1.9532819102619,0.853418872787293
"AATCGTGGTGAACCGA-1",2.82012292639276,3.64834658904248
"AATCGTGGTGGAACAC-1",4.32874032751581,1.48435442252332
"AATCGTGGTGTGTACT-1",-4.97814539178351,-1.07887728409595
"AATGAAGCAGTAGTTC-1",0.0201201279546913,-3.31063039498157
"AATGAAGGTCGTAATC-1",-3.70652511819342,-3.88921411232776
"AATGAAGGTCTGTCAA-1",2.29202958838007,4.58048980040723
"AATGAAGGTGAGATCG-1",0.179925917544573,0.143166096045312
"AATGAAGGTGGCAACA-1",-2.20726373895147,2.58497898383313
"AATGAAGGTGGCTCTG-1",-4.74781206353644,-1.28035993771381
"AATGAAGGTGTAAATG-1",0.995686977067202,4.7273065309065
"AATGAAGTCGTGCAGC-1",-0.215886966428548,0.563533351852235
"AATGAAGTCTCCCAAC-1",-0.568653316340238,-4.17663986878223
"AATGACCCACGCGGTT-1",-0.409637392601759,-0.277760340736572
"AATGACCCAGACAAGC-1",-3.65612557633856,-2.59734590248889
"AATGACCCAGTCACGC-1",-4.35821512444952,-2.15596397118396
"AATGACCGTTACCTGA-1",-5.67661598428228,-1.60155375199145
"AATGACCGTTGGGCCT-1",-1.31215909226874,-2.22157986359424
"AATGCCAAGACAAGCC-1",6.07280227438471,-0.132264553473655
"AATGCCACACTGTGAT-1",-1.30275753243902,0.698530600501832
"AATGCCAGTAACTAAG-1",5.47871801153681,0.420058594180878
"AATGCCAGTTCGAGCC-1",2.15195462004206,0.155723669661816
"AATGCCAGTTTGAAAG-1",-5.76616743310431,-0.779480709598724
"AATGCCATCGACTCCT-1",-3.84989050134161,-3.72510798172778
"AATGGAAAGTGTGTTC-1",-0.0999786733750406,-2.15602095322436
"AATGGAACAGACAAAT-1",2.77957770124933,1.28606812758618
"AATGGAACAGTCTGGC-1",5.74494334951898,1.48888282580548
"AATGGAAGTCCTGTTC-1",4.62781116262934,0.161726654602822
"AATGGAAGTCTTGCGG-1",0.853131501832217,-4.12699587540454
"AATGGAATCCAACTGA-1",-0.482010902008802,0.968760416938599
"AATGGAATCCGTAGTA-1",-0.597736121258527,-3.7276871939165
"AATGGAATCTAAACGC-1",-3.10825970872381,-2.68676407532519
"AATGGCTAGGAAGAAC-1",5.07688447729608,1.53006546302014
"AATGGCTTCGCTACGG-1",3.28534337774774,2.56580703063184
"AATGGCTTCGCTCTCA-1",0.507117657819003,-4.49820549683398
"AATGGCTTCTCTTAAC-1",-5.5479867766712,-0.0626520876748002
"AATGGCTTCTGTTGGA-1",-1.88498929246405,-2.31454093651599
"AATTCCTAGGAACATT-1",1.79897758261225,5.19951026244336
"AATTCCTCACAGCATT-1",1.10327002302667,-4.03762657837695
"AATTCCTCACAGCCTG-1",1.72753187910578,3.46902720732861
"AATTCCTGTTCCGCAG-1",1.41819593206903,3.53340928359204
"AATTCCTTCCGCTTAC-1",4.86876270071527,-0.143029077814285
"AATTCCTTCGAATGCT-1",5.34881898657343,0.131158904268082
"AATTTCCGTACACGTT-1",-2.68373707040289,-2.00596506790942
"AATTTCCGTGATACCT-1",2.7914588143017,4.32298056883984
"ACAAAGACACTCTGCT-1",-0.971070618471891,1.63830272956067
"ACAAAGAGTTTCAGAC-1",2.47687670485041,2.34296839041882
"ACAAAGATCCCTCTCC-1",-0.317920343122274,0.364512310458955
"ACAAAGATCTGGGATT-1",-2.3576414893482,-0.0829981704217827
"ACAACCAAGCCTGTGC-1",0.296000986256808,-4.47002728180713
"ACAACCAAGGAAGTAG-1",5.16606780783197,1.70822803778821
"ACAACCAAGTGAACAT-1",-4.03969028695562,-2.70147593216724
"ACAACCACAGTGGTGA-1",5.37961217657587,1.42953150077039
"ACAACCACAGTGTACT-1",-2.08748820527533,-3.49134810166186
"ACAACCAGTAGATGTA-1",0.0523599673893151,-5.26265270905322
"ACAACCAGTCAAAGCG-1",0.463708667912691,2.62212102217847
"ACAACCAGTTAAGTCC-1",-3.47487595780829,-3.88449723915881
"ACAACCAGTTGTTGCA-1",-0.539421499810011,-4.67916281418628
"ACAACCATCTGGAGAG-1",-1.86948362096289,-3.41877587036914
"ACAAGCTAGGCGTTGA-1",3.29004952208063,1.14324180884534
"ACAAGCTCAGCTTCGG-1",2.74154850737116,1.7410980920332
"ACAAGCTGTTCGGTCG-1",2.36292287603876,0.485883877708253
"ACAAGCTTCGTAGGAG-1",-1.19185045464972,1.16892962260419
"ACAAGCTTCTTCGGTC-1",-2.09793558820227,-1.37126858429736
"ACACAGTAGGTTCCGC-1",-0.780014188132078,-0.586935653255645
"ACACAGTCAACCAGAG-1",3.08166023985407,2.31556646628552
"ACACAGTCACCAGACC-1",1.75954303041956,4.98806206984692
"ACACAGTGTACTGACT-1",-0.0786124180171791,-5.27373678879565
"ACACAGTGTCATCTAG-1",0.558429627576083,-2.82136900620288
"ACACCAAAGCATTTCG-1",-0.186260127565652,0.277885616852578
"ACACCAAAGGATCATA-1",-0.885562152704984,2.6805774430769
"ACACCAAAGTCTCGTA-1",-3.42567899926642,-3.42233331398791
"ACACCAACAAGGCTTT-1",0.236120640197009,-5.30640299515552
"ACACCAACAAGTCATC-1",-0.573839874110014,-5.25871737198657
"ACACCAACACGCGCTA-1",-1.76720693810919,1.80497948928052
"ACACCAAGTCGCTTGG-1",5.19654437796137,0.92681579394513
"ACACGCGCAAGCCTGC-1",-1.09768042071798,-4.52647049622363
"ACACGCGCAGAGACTG-1",3.81653186575434,4.20454947753125
"ACACGCGTCTGTTCAT-1",1.22610053316614,4.76025311751538
"ACACGCGTCTTGGTGA-1",5.58607551352045,1.36652879519635
"ACACTGAAGACGATAT-1",-1.16506603463629,2.4171976308363
"ACACTGAAGGGCAGGA-1",-1.26176002725104,-0.422382279203597
"ACACTGATCCGTCCTA-1",1.23647484079859,-3.82508309082812
"ACAGAAACAGACCAAG-1",-1.16919067605475,-0.532529367969695
"ACAGAAACAGTGACCC-1",0.543404846348971,3.65575520796948
"ACAGAAAGTGGGTTGA-1",2.33209320799372,3.20743744177991
"ACAGCCGGTCACGACC-1",-2.67687276109198,-0.811341239975158
"ACAGGGAAGACTCCGC-1",-0.92194154962042,-3.17171652512378
"ACAGGGAAGGTCTGGA-1",2.03218576208612,3.44020478530103
"ACAGGGACAATTTCCT-1",-1.75746443971136,0.883168862296876
"ACAGGGACACCGAATT-1",3.09168621794245,2.04113249583417
"ACAGGGAGTCCGCAGT-1",-0.111374615794808,0.582115755512055
"ACAGGGAGTGGATGAC-1",-0.679826648077757,-0.496736778782073
"ACAGGGAGTTTGTGGT-1",2.63468691603205,3.06426303191357
"ACATCCCAGTGGTTAA-1",5.5431153465893,-0.949082686470214
"ACATCCCCACAACGTT-1",1.76883873240015,3.22705571456128
"ACATCCCCAGCGTATT-1",5.34076854483148,0.901623294784364
"ACATCCCGTCGGCACT-1",-3.91799739106634,-0.770695104168121
"ACATCCCTCGTGGCTG-1",-2.55271342500189,-2.5278638143999
"ACATCGAAGCCTGTCG-1",-2.53682854875067,0.290614740087327
"ACATCGAAGGAGTATT-1",1.99291631475946,2.77330200476819
"ACATCGACACCCTAAA-1",-4.68615463479498,-1.32981999115771
"ACATCGACATAGGAGC-1",0.0743962068941292,0.204237462117013
"ACATCGAGTTGCTAGT-1",0.594948499360293,-2.9164992113573
"ACATCGATCTTCACGC-1",4.67292806402704,1.68170480532819
"ACATGCAAGAGAGGGC-1",-1.19934859975317,-3.14110381798572
"ACATGCACAAATGATG-1",3.85611674086115,4.33534114165479
"ACATGCACAACTTCTT-1",6.17736026541254,0.982521877719697
"ACATGCACAATCAGCT-1",-5.71461227639654,-1.230689956711
"ACATGCAGTCTAACTG-1",0.831787078538149,-4.05834229187793
"ACATGCAGTTTCCATT-1",1.23700353399774,-3.44893653588122
"ACATGCATCTTGAGCA-1",-5.42661598428228,-1.76089282231158
"ACATTTCAGCCTGAGA-1",1.68919166819116,3.48103682799512
"ACATTTCTCACTACGA-1",5.06310388342401,0.926049218608674
"ACCAAACAGCCTCTGG-1",1.78909739748499,2.34683458609753
"ACCAAACAGTTGGAAT-1",-2.73649099572638,0.0156173604565227
"ACCAAACCACTAACCA-1",-4.97640541299322,-1.61385650830096
"ACCAAACCAGACGCTC-1",-2.22216799958685,2.25709335608655
"ACCAAACCAGGTCAGA-1",-3.31389692529181,-3.69531686501331
"ACCAAACCATCTATCT-1",-4.13021019204596,-1.22833366589374
"ACCAAACGTTAAAGTG-1",-1.78859809144476,-3.64189226822681
"ACCAACAAGTTAGAAC-1",-3.93164399369696,-1.52235527233905
"ACCAACACAGGACTTT-1",2.10459205404779,1.0789065818327
"ACCAACACATTCAGGT-1",-1.6071818183277,2.4151190976637
"ACCAACATCTATCGCC-1",-0.684198589167387,-4.70608027176684
"ACCAACATCTCGAGTA-1",0.234538047471255,-3.62039597229785
"ACCACAACAACATACC-1",-2.06446221574286,0.390985206796464
"ACCACAACACGGCTAC-1",-4.58324888452032,-1.22426171498126
"ACCACAAGTAGCGTCC-1",-1.09589204295614,-4.13266499237842
"ACCATTTGTCACCGCA-1",-4.05588415368536,-1.59995825486011
"ACCATTTGTTCCTAGA-1",2.00360986486933,5.031477139427
"ACCATTTTCCGTGTAA-1",0.0159125913765129,-5.02934153275317
"ACCCAAAAGGCATTTC-1",-2.24446657403448,-0.0418583889467156
"ACCCAAAAGTCACTGT-1",1.44740173117182,1.75662879748517
"ACCCAAACAATAAGGT-1",-1.8913957188938,-2.22573883728809
"ACCCAAACAGAGTAAT-1",3.33837577597162,2.70789687438184
"ACCCAAAGTCGAACAG-1",-2.79922440751532,-1.39166887001819
"ACCCAAAGTGTTCAGT-1",-0.940033764681608,2.02875225348645
"ACCCAAAGTTGTGTTG-1",-0.100682281992227,-2.56698472695178
"ACCCAAATCGTCGACG-1",3.83385321394464,3.01198141379529
"ACCCTCATCGGCACTG-1",2.39260813490412,0.253814191653069
"ACCCTTGTCAGCCTCT-1",2.55190345541498,5.34550111098462
"ACCCTTGTCATTCATC-1",-1.03672048552969,1.22142903609448
"ACCGTTCCACTACTTT-1",1.65439161554834,1.37486390872174
"ACCGTTCGTTCGGCTG-1",2.10827514425775,3.34735886855298
"ACCGTTCGTTTCGGCG-1",0.934771387734621,-3.56786353783435
"ACCGTTCTCAGATGCT-1",-0.439068527064115,-3.88167865471667
"ACCGTTCTCCCAGGAC-1",-0.664201409659177,-4.96873552994556
"ACCTACCAGTGAGGCT-1",1.11964461103937,-4.1821287413103
"ACCTACCCAAAGTATG-1",-2.80908301576117,-3.00426752762622
"ACCTACCCACTCAGAT-1",1.15183517233393,3.55444638533765
"ACCTACCGTACGACTT-1",4.70536538855097,0.440232203437623
"ACCTACCGTATCGTGT-1",1.02854832903406,4.12516944213086
"ACCTACCGTCACTTAG-1",0.767184286275118,1.28679137034589
"ACCTACCGTGCGAACA-1",0.361411302247256,-2.9275482435686
"ACCTACCGTTTGGCTA-1",3.31908818975946,0.774346635772523
"ACCTACCTCACTGTCC-1",-4.63027170403937,-1.51650054650134
"ACCTACCTCCTTGAAG-1",0.044343142667025,-4.01550085739917
"ACCTGAAAGGATGGCT-1",-1.31914654477575,-2.12201626496143
"ACCTGAAAGTCTCCTC-1",-0.398686499438078,3.8067731122511
"ACCTGAAGTGCATCTA-1",-1.99536660417059,-1.47656400399036
"ACCTGAAGTGCATGTT-1",-4.58059433206061,-1.28448910908527
"ACCTGTCCACGTCATA-1",-2.0871953080509,-2.4398773451311
"ACCTGTCCATGGGTTT-1",-0.137879532865078,-2.99778945641345
"ACCTGTCGTAGCTTTG-1",2.92314550177118,4.88875357909375
"ACCTGTCGTCGAAACG-1",-2.987531215987,-2.60402376847095
"ACCTGTCTCATGGTAC-1",5.69516155020258,1.34581236643964
"ACCTGTCTCCCTTCCC-1",2.01750942961237,2.56877319617444
"ACCTGTCTCCGATAGT-1",-2.15870121224859,1.73449199004346
"ACGATCAAGCGAACTG-1",5.54108068243524,0.678260074092683
"ACGATCAAGGTTTACC-1",4.69151899115106,1.93230263991528
"ACGATCACAAGAAACT-1",-5.85465505822638,-0.467308356331054
"ACGATCACACGTGAGA-1",4.33497926489374,0.0891605774896705
"ACGATCAGTAGGACTG-1",-0.925805957159788,2.08624212546521
"ACGATCATCGCTGTCT-1",5.66544839636347,-0.530847205684844
"ACGATGTAGTCTACCA-1",2.90644356504938,3.24308340354138
"ACGATGTCATTCTGTT-1",-2.40109422906378,2.93278829856091
"ACGATGTGTAACTTCG-1",1.60882994429132,4.25942866606885
"ACGATGTGTAGTTCCA-1",0.118529095211237,-4.25501282410449
"ACGATGTGTGGAACCA-1",4.08219930426142,0.580967829658326
"ACGATGTGTTTCCCAC-1",3.29503175512811,3.10253088278943
"ACGATGTTCCGTATAG-1",0.24030849234125,-3.26487000183887
"ACGCACGAGAAAGCGA-1",-0.639040322146207,1.49313788218671
"ACGCACGAGGAAAGGT-1",1.2253708531048,-2.95705611901111
"ACGCACGCAGAAATTG-1",-1.18909481271246,-2.145613743828
"ACGCACGGTCCTGGTG-1",-5.36043670876959,-1.55388672547168
"ACGCACGGTGAGGATC-1",1.24146327272913,4.59728638930493
"ACGCACGTCACCATGA-1",1.60481914774439,4.95925633711987
"ACGCACGTCACCCTGT-1",-0.176136412761003,3.5673624734419
"ACGGAAGCAGACAAAT-1",-2.58767631753424,0.744583592845734
"ACGGAAGGTATCTCTT-1",-2.84220174058417,2.23891536994153
"ACGGAAGGTGATAGTA-1",2.67281958357355,3.71026079459363
"ACGGAAGTCATCTCTA-1",2.41147848860285,0.65183781190091
"ACGGGTCAGGCTCACC-1",-1.51669147714117,0.724210844470795
"ACGGGTCGTAGAGCTG-1",-6.25682667001227,-1.06362445549792
"ACGGGTCGTGATGAAT-1",0.622570126214236,2.79219238562756
"ACGGGTCTCCTACGGG-1",2.61151882902643,5.24941937728101
"ACGGGTCTCTTACCGC-1",1.32164236799738,1.74696366591626
"ACGGTCGAGCATCAAA-1",2.56796213881037,2.79287259383374
"ACGGTCGAGCGTGCTC-1",-0.324694053373129,0.54187841816121
"ACGGTCGCAAGGTCAG-1",-4.62770584329107,-0.23042537169284
"ACGGTCGCAGCCCACA-1",-2.92555120690802,-1.83698649601764
"ACGGTCGCAGGGTCTC-1",-0.329402239165098,3.22888676924878
"ACGGTCGGTAGCCAGA-1",3.44267412916681,4.82467572493726
"ACGGTCGGTGCCTATA-1",0.200861989417284,2.58859150214368
"ACGGTCGGTGGGTATG-1",-2.19892028077582,-2.93751342491931
"ACGGTCGTCACTCGAA-1",-1.83370164140204,0.571364090873536
"ACGGTCGTCGTCCTTG-1",-1.46904507382849,-0.274924292133514
"ACGGTCGTCTGCGAGC-1",-0.428290427765638,-2.17954833702869
"ACGGTTAAGATGCAGC-1",4.3832614113476,0.055732945075866
"ACGGTTAAGCCTCTTC-1",-5.40675571664312,-1.75915641979999
"ACGGTTACATGCAGCC-1",0.828674464383334,-4.89962895111865
"ACGGTTACATTGACTG-1",3.8050393749859,4.68911568923169
"ACGGTTATCAATCTCT-1",-0.0157699744317833,1.59648923678571
"ACGTAACAGGCATGGT-1",1.13153085009119,4.80665652556592
"ACGTAACCAGGTCAAG-1",0.704879312672823,3.40364377303296
"ACGTAACGTGCACAAG-1",-1.29299715264776,-4.36678154663867
"ACGTACAAGTGTAGAT-1",2.26805350080988,1.07568924231702
"ACGTACAAGTTCCTGA-1",-5.08737114175299,-0.443211211727325
"ACGTACAGTCCACGCA-1",-2.03770938619116,1.78135459227734
"ACGTACATCACTTTGT-1",-0.483544052681715,-4.15292914109058
"ACGTACATCCGAGGCT-1",0.964977352776736,1.69019691748792
"ACGTAGTAGTCAGCGA-1",3.69371482626459,4.22295157714063
"ACGTAGTAGTCTGTAC-1",0.351316152968615,0.932447658016022
"ACGTAGTCAAGCGATG-1",-5.62481764062384,-1.72431118683643
"ACGTAGTGTACAGTCT-1",0.561161427655428,-3.90435512261218
"ACGTAGTGTATGTCAC-1",-1.40115466817358,-1.89785416321582
"ACGTAGTTCCGATTAG-1",1.01799234644434,-3.76021321015185
"ACGTCCTTCATGGGAG-1",-0.359327749452383,-4.6440633078081
"ACGTCCTTCATTGGTG-1",-0.541500032982618,2.93174950881177
"ACGTCCTTCGACGCTG-1",-1.42215195401648,0.570925400687989
"ACGTCCTTCTGGAAGG-1",-1.69296053155401,-1.87033589081592
"ACGTCCTTCTGTTGGA-1",4.91242143408319,-0.429526074693862
"ACGTTCCCACGCTATA-1",2.44308802382013,5.21817843718701
"ACGTTCCGTAGTCTGT-1",-4.48175266488531,-1.36367638306445
"ACGTTCCGTGGCACTC-1",-1.68237570031622,2.08375136656934
"ACGTTCCGTTCTGAGT-1",-1.81429842217901,-2.197775437401
"ACGTTCCTCGTGCGAC-1",3.08739110723993,3.94027941031628
"ACTACGAAGAGTTCGG-1",-1.22117093308905,1.1108262996214
"ACTACGACAGACCAAG-1",1.0940414358761,0.115654514266785
"ACTACGATCTCGACGG-1",-4.94639089807013,-2.07318909363574
"ACTATCTAGGATGCGT-1",2.71960112349054,2.79587094588452
"ACTATCTAGGTAGACC-1",-0.0114517222259346,-1.64174874024219
"ACTATCTCAATCACGT-1",2.47734376684686,0.631933138801392
"ACTATCTGTTGGCCTG-1",-2.33104947312811,-1.79499752716846
"ACTATGGAGAACTGAT-1",2.35109683767816,1.93729941649609
"ACTATGGAGTCATAGA-1",0.956141441025942,-2.40813143448657
"ACTATGGCAACGGCCT-1",-1.93835333093146,-4.07377178864307
"ACTATGGCAAGAGTTA-1",2.85435792700311,4.5022670487898
"ACTATTCAGATCCTAC-1",3.56033584372064,4.94085519118482
"ACTATTCAGGGAGGAC-1",-2.26753524049261,2.95576422019177
"ACTATTCAGTCGCTAT-1",-3.05493143304327,-2.82008798317737
"ACTATTCTCGGCATTA-1",-1.65437010034063,-3.38651759819812
"ACTCCCAAGAGAATCT-1",-0.208993570050985,3.52866880698377
"ACTCCCAAGGCAGGGA-1",-1.78107372029761,1.60493318839246
"ACTCTCGCACAGTCGC-1",5.66409131781122,1.05046515269452
"ACTCTCGCATTGAGCT-1",-2.50732496484259,0.515433297588166
"ACTGATGAGAAACTAC-1",3.22439667479059,4.50288455290967
"ACTGATGAGACATCCT-1",-0.400773764691145,-5.10489304261035
"ACTGATGAGCAGTAAT-1",-3.59089306100348,-2.05818088249988
"ACTGATGAGGAACGCT-1",-2.10124924882391,-3.26809628205127
"ACTGATGAGGTACATA-1",-1.42752876981238,-0.101560681031409
"ACTGATGCAGCGATTT-1",-2.5631816695545,-3.18456061081714
"ACTGATGCATCTATCT-1",4.95955011145136,0.435903803541001
"ACTGATGGTTGGTAGG-1",0.494240372338503,-3.51440293984241
"ACTGATGTCCTGCCAT-1",5.01775333181879,0.0218589334773385
"ACTGATGTCTATGTGG-1",-5.04317215188482,-1.36115057663745
"ACTGTCCAGCACTCAT-1",-3.40379646523932,-2.74157769875354
"ACTGTCCAGCACTTTG-1",-0.717150778612882,-3.08903868393726
"ACTGTCCAGGGAGTGG-1",-0.182291419348508,-1.52444274620837
"ACTGTCCAGTACCCTA-1",-1.94453492864111,-3.03538329796619
"ACTGTCCCATTGACTG-1",-2.24152138932684,-1.88831384377307
"ACTGTCCGTAGCCAGA-1",2.81031486288568,3.67851726813489
"ACTGTCCGTCAGGAGT-1",-1.66019764646032,-0.370526685283843
"ACTGTCCGTGCGTTTA-1",-4.25368240579107,-1.92878468231982
"ACTGTCCGTTGGTAGG-1",-3.39709475739935,-1.53259582714862
"ACTGTCCTCCCTCAAC-1",-2.62208631738165,-1.27981717781848
"ACTGTCCTCCTGTTAT-1",-2.85137775643805,-1.94510717587299
"ACTGTCCTCGGTTCAA-1",-4.32238796456793,-2.54962403969592
"ACTTAGGGTTGATCGT-1",-1.53279319509009,-0.162651448414985
"ACTTAGGTCACCTGGG-1",-0.814445347628385,-4.22237856583423
"ACTTAGGTCCCTGTTG-1",0.517847864785403,-4.33816034989184
"ACTTAGGTCTTCGTAT-1",5.10424682394525,0.0705082464056575
"ACTTATCCAAATTGCC-1",2.64211222425958,4.225324795677
"ACTTATCCACGATAGG-1",-2.27519777520636,-3.26609165863818
"ACTTATCCACGTTGGC-1",2.0942399193432,5.152402089073
"ACTTATCCATGGAAGC-1",-2.39127042993048,-2.3184710283739
"ACTTATCGTCACAATC-1",-1.34929838880041,-3.42264898018664
"ACTTATCTCGATACTG-1",3.76350304380915,1.03500495953732
"ACTTCCGAGTAGACAT-1",-1.22643092378119,2.85132806105786
"ACTTCCGGTAACAAGT-1",0.558280675568789,-3.10982878403491
"ACTTCCGGTGCAGATG-1",3.93550512091181,-0.0424587567312157
"ACTTCCGGTTGGGATG-1",2.75296375051996,2.29900376601392
"ACTTCCGTCAGTGATC-1",4.86579343573114,1.19655244155103
"ACTTCCGTCGTGTGAT-1",-5.4049523185108,-2.12301953034228
"ACTTCGCCAAGTGGTG-1",5.90962430731317,1.42302708430463
"ACTTCGCCATCGGTTA-1",-2.04117050870398,-0.322261973188583
"ACTTCGCTCGTCCTTG-1",0.906861512818545,-2.61803515152759
"ACTTTCAAGAGCATCG-1",3.02233859793207,1.4572231034773
"ACTTTCACATGGGCAA-1",-1.95822230084875,-3.14918167786426
"ACTTTCAGTCAGACTT-1",-3.89379003747442,-3.11695797638721
"ACTTTCAGTCGGAAAC-1",1.27960702673456,4.53472773833447
"ACTTTGTGTGCCTTTC-1",-2.73898032411078,-2.6713443537218
"ACTTTGTTCGCCACTT-1",-2.46226862176397,2.82987730307752
"ACTTTGTTCTTAAGGC-1",-2.07006934388617,-1.54431636528796
"AGAAATGCAAACGTGG-1",-2.00048759683111,-1.4198852320177
"AGAAATGCAACATCGT-1",4.88302394644281,2.00582473082715
"AGAAATGCACAGACGA-1",-4.29632356866339,-0.810416712330047
"AGAAATGGTAACGATA-1",-2.60333517297247,-2.82287366585559
"AGAAATGGTGGGACAT-1",3.40420696035883,4.53216903014356
"AGAACAAAGAGTCGAC-1",-3.2224891494129,-2.51959235863513
"AGAACAAAGTTGAAGT-1",-0.158717938802034,-4.40718300537891
"AGAACAACACGTAACT-1",-1.89378777249792,0.81530182166272
"AGAACAACAGATGCGA-1",-0.754003555617124,2.11536304755383
"AGAACAAGTCAACCTA-1",-1.49775436624029,2.6763107041853
"AGAACAATCACCGGGT-1",-5.5714710067127,-0.530819131897155
"AGAACCTAGTCCGCGT-1",4.01334258810541,0.971901700927552
"AGAACCTCAAACTCTG-1",5.66926118628046,1.01529412074262
"AGAACCTGTTCAACGT-1",0.810269682564944,1.89141850276166
"AGAACCTTCCACTAGA-1",5.30670329824945,1.99938623709851
"AGAACCTTCGATACTG-1",-4.43876054986456,-1.03800566391772
"AGAACCTTCGCTACGG-1",-3.02327540620306,-3.85502560334033
"AGAAGCGAGTGGCCTC-1",3.75316879049799,2.11534182830029
"AGAAGCGCAAGAGATT-1",-4.31152418359259,-1.43612833218402
"AGAAGCGCACCCGTAG-1",0.25493433968088,-4.22749932007617
"AGAAGCGCAGCAGTGA-1",4.01228019491693,0.143286996616658
"AGAAGCGCAGTTACCA-1",-1.21333602174261,-3.15510232643909
"AGAAGCGCATCTTTCA-1",0.907275526681155,1.34406833453351
"AGAAGCGCATGGAAGC-1",-0.454205275616438,1.21201102538281
"AGAAGCGGTTGCCTAA-1",-0.836636454901487,-0.431224330232803
"AGAAGCGTCAAGCCAT-1",2.00957128302118,1.91634743018323
"AGAAGCGTCAGACTGT-1",-5.30860307916144,-0.918055905864898
"AGAAGCGTCCAACTGA-1",3.65135571257135,1.06019286914044
"AGAAGTAGTGGACTAG-1",2.6679658581402,4.64652364058667
"AGAAGTAGTGTGATGG-1",-6.14466121896246,-0.824684633777801
"AGAAGTAGTTCTTGCC-1",0.20423197642824,0.0485122877663487
"AGACAAACATGCAGCC-1",2.63364455000421,4.09792582793408
"AGACAAATCAATCTCT-1",5.55960437551996,-0.449942274854842
"AGACAAATCACCTCTG-1",0.0656029869701561,-2.6026998301012
"AGACAAATCTATTTCG-1",-5.11595419152716,-1.7724197645647
"AGACACTAGAGCCGAT-1",-1.16713133557776,-1.88257332043475
"AGACACTAGCGCCATC-1",4.97868558661005,0.533175543977555
"AGACACTCACATAACC-1",-1.97429087861517,1.29527251525098
"AGACACTGTAACGATA-1",-1.34581568940619,-2.02067811684436
"AGACACTGTCCAGAAG-1",-5.76842096551397,-0.277902229593459
"AGACAGGAGCACTAGG-1",-2.73166182740668,-1.54455120758838
"AGACAGGAGCATCAAA-1",2.36100360647699,2.93071596427136
"AGACAGGGTCGTAATC-1",-4.77882650598028,-0.571028544471923
"AGACAGGGTCGTACAT-1",3.17364093557855,3.17617122931653
"AGACCATAGTGAGGCT-1",-2.04628041490057,1.92887179656201
"AGACCATGTAGGGTAC-1",-2.81734302743414,0.753775403930482
"AGACCATGTGCGGATA-1",-2.19028285249212,1.70289509101086
"AGACCATTCATGCTAG-1",-4.79112175210455,-1.92235310272998
"AGACCCGCACGCGCTA-1",-3.03915169938543,-1.35086007313556
"AGACCCGGTATGAAGT-1",-0.434548885664732,-1.75386102394885
"AGACCCGGTGTCCAAT-1",3.02002498404047,3.94252364440137
"AGAGAATAGAGTCTTC-1",1.12816771761438,2.56643979354077
"AGAGAATAGGTTCCAT-1",-0.973718435606748,3.33636324210339
"AGAGAATAGTGAGTTA-1",-0.215179697713644,-5.28800900177783
"AGAGAATCACCATTCC-1",-2.6136708567951,1.82727794451886
"AGAGAATGTTAAACAG-1",-0.481658578953535,-1.9131541986925
"AGAGAATGTTCTCGCT-1",-0.495763988337309,-1.77935524182147
"AGAGAATTCGCGTCGA-1",-2.77491381867865,-1.80274052815265
"AGAGAATTCGGAAGGT-1",0.138880639233797,-2.92200238900012
"AGAGAATTCTTCGTGC-1",-2.50914171441534,0.339906887246903
"AGAGAGCAGTGATGGC-1",2.70570847288629,0.145774350597199
"AGAGAGCCACATTGTG-1",0.706591694512576,3.87871615691357
"AGAGAGCCATTGGCAT-1",4.08075162664911,-0.144514753387634
"AGAGAGCGTGTTCCTC-1",2.32049080626032,3.26140730185681
"AGAGAGCTCCTACTGC-1",5.91821071402094,0.82970099253827
"AGAGAGCTCGTGGCTG-1",-2.45960453256109,-2.01446397499866
"AGAGCAGAGCTGGCTC-1",2.12646385923883,1.43890993399793
"AGAGCAGGTTCCTAAG-1",-0.768835337004453,-3.57967717842883
"AGAGCAGGTTCCTACC-1",-1.46435120805243,-3.27747829155749
"AGAGCAGTCCCTCGTA-1",-4.68405988915899,-1.5036299963457
"AGAGCCCAGCACTTTG-1",2.25089022413751,2.9266986112135
"AGAGCCCCACCTCAGG-1",-1.3291569064472,1.87058727545911
"AGAGCCCCAGATTAAG-1",2.82167360083124,3.83454077048474
"AGAGCCCCATGGCCAC-1",-0.210744583151132,2.1301111440199
"AGAGCCCGTTACGCCG-1",-1.90690580113867,-2.41336567597217
"AGAGCCCTCAAGAATG-1",0.25516649977228,-4.25526268677539
"AGATAGAAGGGTACAC-1",0.29285713926813,-3.04516799645251
"AGATAGACAGAGTCAG-1",-1.86071625455359,-1.35051591591663
"AGATCCAAGGAGATAG-1",6.14250537649652,0.471493975354966
"AGATCCAAGGTTCCGC-1",0.452487855115145,3.71603433890515
"AGATCCACATCGTGCG-1",5.04325696722528,0.943914339973267
"AGATCCAGTCTGGTTA-1",-1.93134954675177,0.835849032832917
"AGATCCATCACCTCGT-1",-4.09209945901373,-2.82195027069873
"AGATCCATCCAACCGG-1",2.75626799360773,2.50733153624707
"AGATCGTAGAGAGTTT-1",3.38367172972223,1.76245252890759
"AGATCGTCATGACGGA-1",0.0836988826181587,-2.88830001549548
"AGATCGTGTCACTAGT-1",0.564959793248385,-1.92219729618854
"AGATCGTGTCGAGTTT-1",-1.4748643945072,0.226085991694268
"AGATCGTGTGCCTTTC-1",0.665718822636813,-4.0283110876543
"AGATCGTTCAGTGTCA-1",0.059826313414782,-2.25718171791858
"AGATGAAAGACTGGGT-1",-5.79084232552984,-0.988721563385192
"AGATGAACAAGACCGA-1",-0.641114981016904,0.623432264758881
"AGATGAACAGCAGATG-1",-2.34274938806036,-2.06625850395984
"AGATGAAGTATAGCTC-1",-1.11390540107229,-4.6455887098772
"AGATGAAGTGGTCTGC-1",-0.167862796327859,-5.41964752869433
"AGATGAATCCTTCTGG-1",1.62456950441858,2.40128795905286
"AGATGAATCGACGAGA-1",-2.05932512982824,2.40243546767407
"AGATGCTAGAAGGGAT-1",0.581071703591555,-4.35705883698291
"AGATGCTGTAGACGGT-1",-0.515646816334516,1.28723220629865
"AGATGCTGTCGTGGTC-1",-1.55964747174719,-0.503817035721008
"AGATGCTTCCTTTAGT-1",3.69001981512567,3.92830626769238
"AGATGCTTCTAGCCAA-1",1.32605883375666,5.07713811202222
"AGCATCAAGCAGTAAT-1",5.52267286077997,-0.843160345123473
"AGCATCACAGATGCGA-1",-1.36586096986273,-2.80276591973132
"AGCATCACAGCATGCC-1",-0.424344093642027,-3.90823443131274
"AGCATCACATGGACAG-1",5.23284360662958,0.882419035865601
"AGCATCAGTGCAAGAC-1",-0.205797047457487,-4.17077715592212
"AGCATCAGTGTTTGCA-1",-1.23705151780584,-3.72823221878833
"AGCATCAGTTCATCGA-1",2.52467748419306,0.454800621702012
"AGCATCATCACCACAA-1",-3.70491579278448,-2.55691678719348
"AGCATCATCGGCTGTG-1",-3.71521046861151,-1.37897403435535
"AGCATCATCTGTGCTC-1",6.02819797293207,0.144110084606942
"AGCCAATTCACGGTCG-1",4.45322438971063,-0.0874184508783257
"AGCCAATTCATCACAG-1",-1.81297722562292,-3.04821450905627
"AGCCAATTCATCTACT-1",-2.03954151376227,1.3386449079054
"AGCCACGCACACGGTC-1",-2.44183662637213,1.55019240184003
"AGCCACGCAGAACTAA-1",-4.95862034066656,-1.46203179554767
"AGCCACGCAGCTGCCA-1",-4.93310001595953,-0.34457234935588
"AGCCAGCAGAAGGATG-1",-5.8949425528858,-1.26018054680652
"AGCCAGCAGACAACAT-1",-3.81942275269964,-3.58010561661548
"AGCCAGCAGGTAGTAT-1",4.06703063742182,1.52456335826093
"AGCCAGCGTCGGCTAC-1",3.28879234091303,0.211262256933984
"AGCCAGCTCTATCCAT-1",-4.75020197137335,-1.13238544659442
"AGCGATTAGTCCCAAT-1",3.866960971513,0.822042689754304
"AGCGATTCACTGGATT-1",1.71115836397669,3.72771160407239
"AGCGATTCATGGGATG-1",-0.96852734788397,0.780649707748231
"AGCGATTGTGGCTGCT-1",-5.27761724694708,-0.57004882292575
"AGCGATTTCGGAAGGT-1",2.61915776030084,2.55656211180859
"AGCGATTTCTATCGTT-1",-3.42661073907355,-2.85955102639026
"AGCGCCAAGAGTTGAT-1",-1.01225593789557,-2.65972359375781
"AGCGCCACAAGTGGTG-1",3.7345273186352,0.639237389995393
"AGCGCCACACTTGACA-1",1.06369790331385,4.83352916045361
"AGCGCCACAGGCCCTA-1",1.25167950884363,3.9064521054762
"AGCGCTGAGCTGAAGC-1",-2.17689111932257,-2.94430239395923
"AGCGCTGCATCAGCGC-1",5.92175027624628,1.76136998934918
"AGCGCTGGTGCAAGAC-1",-1.11207339271048,-3.56010110573596
"AGCGCTGTCTACCCAC-1",-0.029328749618322,-4.24738915161914
"AGCGTATAGCCGATAG-1",2.24928662077448,2.12793700499707
"AGCGTATCAAGAGGTC-1",-1.49321189626196,-1.31967754559344
"AGCGTATCATCCTGTC-1",4.92514011160395,-0.0429622967702782
"AGCGTATGTGGTATGG-1",-2.18727567895392,-1.34180207447833
"AGCGTATGTTATAGCC-1",2.60261985556146,4.65403954787427
"AGCGTATGTTCAGGTT-1",1.87938043371698,2.23249761862927
"AGCGTATTCAAACGTC-1",-0.916480572066099,-4.26476366715259
"AGCGTATTCAAGAATG-1",-1.90810361608008,-1.18270690636462
"AGCTACAAGAAGCCAC-1",-3.04804828866461,-3.2751246233446
"AGCTACAAGGATTTAG-1",1.59272631899378,3.64246504111462
"AGCTACACATAATGCC-1",-2.16525009377936,-3.34064514832324
"AGCTACAGTCGGAACA-1",1.18603917852899,-2.63152153687305
"AGCTACAGTTGCTCGG-1",-0.815680355868131,-4.32514460282153
"AGCTACATCAGACTGT-1",-6.12984874948004,-0.941713525818053
"AGCTACATCTAAGAAG-1",-2.32780602677801,-0.650056197212402
"AGCTACATCTCGCGTT-1",2.65619370237848,3.13797204299146
"AGCTCAAAGGAGCTGT-1",0.887279598870486,3.15336649222546
"AGCTCAAGTGCGGCTT-1",-0.803978652796537,1.94536213679486
"AGCTCAATCACCGACG-1",0.0810145427372155,-0.289707644746963
"AGCTCAATCTGCCTCA-1",0.558516769566744,1.24994139475995
"AGCTTCCGTGAAGCGT-1",2.73958584562799,5.0350810746687
"AGCTTCCGTTGCAAGG-1",-1.94625130399206,-0.201692967580024
"AGGAAATCATGAAAGT-1",0.392735390820712,-1.96960957245654
"AGGAAATGTGTGTACT-1",-3.88410666688421,-3.78533585266894
"AGGAAATTCAGCTGTA-1",3.16557213560602,2.78480593962842
"AGGAAATTCATGCATG-1",1.16702434317133,3.92050330443555
"AGGAAATTCGGAGATG-1",-2.47253945573309,-1.91819067196674
"AGGAAATTCTCTTGCG-1",1.17276915804407,3.75414721770459
"AGGAATAAGCCTAGGA-1",2.23573920027277,2.12465135855847
"AGGAATAAGGACTATA-1",-5.73438862069586,-0.165930448935691
"AGGAATAAGGCTGAAC-1",-5.96950367196539,-0.599984778927032
"AGGAATAAGGTTTGAA-1",-2.53964927896002,-0.70521385865039
"AGGAATACAAAGAGTT-1",0.107841118135661,-4.30111057953662
"AGGAATAGTGGCCTCA-1",5.27708741919062,0.965167389346894
"AGGACGACACAAGCCC-1",1.92048784986994,4.4141093949812
"AGGACGAGTCCCACGA-1",-0.47844949468115,-3.24065573410815
"AGGACGATCCGAGAAG-1",1.49987265364191,2.40595667166882
"AGGACTTCACATTCTT-1",-1.53159895642737,-3.88284213738269
"AGGACTTCAGTAGAGC-1",-0.258549929699689,1.20182483000928
"AGGACTTCATGAGATA-1",-0.890094311079771,-2.84500081734485
"AGGACTTCATGGGATG-1",2.98589369551203,2.3666309575575
"AGGACTTGTACCTTCC-1",3.62341710821649,0.47846151991063
"AGGACTTTCAGCGTCG-1",-0.259821013650686,0.783942208720979
"AGGACTTTCTCGAGTA-1",-5.51641205056646,-0.867631389663879
"AGGAGGTAGAGCTTTC-1",-0.49862042172888,1.6818906526106
"AGGAGGTAGAGTTGAT-1",-0.316406325540334,-5.1267898817522
"AGGAGGTCAGTTACCA-1",-2.50832632287481,0.994077847434815
"AGGATAAAGGGATGTC-1",2.84958812490961,1.83250324530774
"AGGATAAAGTGATTCC-1",-1.93484941228369,-3.98455889420337
"AGGATAACACAAATCC-1",-0.717352540335447,1.76026766104871
"AGGATAACACCTAAAC-1",-5.20811775430182,0.198404104544457
"AGGATAACACTTGGCG-1",3.34884616629145,3.19229333205396
"AGGATAACAGAGTGTG-1",0.00974711672326892,-4.25698931412524
"AGGATAACATTGCTTT-1",0.576182096162051,-2.26340515808887
"AGGATAAGTCCACAGC-1",-1.27086010678747,-1.9314202805025
"AGGATCTCATAGCTGT-1",-1.06745454772452,-0.792823447750274
"AGGATCTTCACATCAG-1",-0.992473513922483,0.704768822624024
"AGGCATTCAAGGCGTA-1",1.59744927183649,5.14307753844434
"AGGCATTCACCACTGG-1",-0.143755341983229,-5.47310097412891
"AGGCATTTCAAGGTGG-1",1.39608141676447,3.89805166526013
"AGGCATTTCAGCCTCT-1",-0.655477375826627,-1.48130126194781
"AGGCATTTCGCAGTGC-1",0.409008472123354,3.94184534354382
"AGGCCACCAAGATGTA-1",-5.83681276544073,-0.718667580650512
"AGGCCACGTACGGCAA-1",-0.63603702290991,1.87011318011456
"AGGCCACGTCCTGGGT-1",1.13634094492456,1.41844670577222
"AGGCCACGTCGATTTG-1",2.69603845373651,2.81952397628003
"AGGCTGCAGCAGGTCA-1",-0.414808184942991,-4.9240663786394
"AGGCTGCAGTCCCTAA-1",-1.65711370213965,-4.4615705748064
"AGGCTGCGTCCTTTGC-1",0.458140103974551,-3.95088274674243
"AGGCTGCGTCTCTCCA-1",-2.96517446740606,-1.51190955834216
"AGGCTGCTCAGCACCG-1",-1.06185463174322,-3.85338671402759
"AGGCTGCTCCAAACCA-1",-3.13775470956305,-1.83502633766956
"AGGGAGTAGGAAGAAC-1",-0.197709188899786,-2.10929186539477
"AGGGAGTAGGATACAT-1",-1.34244135125616,0.931516633464631
"AGGGAGTAGTCTAGAA-1",1.64771231905481,1.90684144301587
"AGGGAGTCAGGCAATG-1",-0.147324039703995,-5.30563481049365
"AGGGAGTCAGGCATTT-1",-1.0464203666065,-0.0427092974049485
"AGGGAGTGTAACGGTG-1",-3.27156356080511,-3.64099962906665
"AGGGAGTGTCTAACGT-1",0.69947072760126,3.00829379363232
"AGGGAGTGTTTACGTG-1",0.288128762402743,-3.53447087006396
"AGGGAGTTCCAGCCTT-1",-0.33965081079939,-2.83212835984058
"AGGGAGTTCCATGCAA-1",3.27672740713617,3.6601917008894
"AGGGAGTTCGCCAGTG-1",1.25918504492304,3.77160112662488
"AGGGAGTTCGCGTAGC-1",4.2527773071911,1.52181284232312
"AGGGCCTCATTCACAG-1",1.46437916056177,1.89263801379376
"AGGGCTCCAACGATCT-1",2.65069052473566,3.97518555922681
"AGGGCTCGTCGCTCGA-1",3.16674324766657,1.58276645941907
"AGGGTCCCAGCAGTAG-1",4.92067071692011,1.03561882777387
"AGGGTCCGTCACGACC-1",-0.238176466069013,-4.72023565964526
"AGGGTCCGTTCGGGTC-1",3.36135050550958,3.63824956221753
"AGGGTCCTCAGTGCGC-1",0.966866343178957,-4.5168889303667
"AGGGTCCTCGCATAGT-1",-1.83325985177496,-2.5902953882677
"AGGGTGAAGAGTCAGC-1",3.17890736357233,4.27691428466016
"AGGGTGAAGCCGCACT-1",-5.08267906411627,-0.127661346362296
"AGGGTGAAGGGCATGT-1",-1.7705198834751,-2.26843292908496
"AGGGTGAAGTCTAGAA-1",-0.418177754721433,-4.06842692093677
"AGGGTGACAATACCTG-1",4.81373092428705,0.406617448760804
"AGGGTGACACGTGTGC-1",3.28601428762934,4.28710000319653
"AGGGTGATCGAAGTGG-1",0.606970875420779,-3.47693569855518
"AGGGTTTAGACGAGCT-1",0.739281206288546,3.05093638701611
"AGGGTTTCAGGTACGA-1",2.46499392286798,4.50636117263013
"AGGGTTTGTCACCCTT-1",0.588388173737734,3.26529042525464
"AGGGTTTTCATTGTTC-1",-0.110770090586335,-3.69259579377002
"AGGTAGGAGATAGGGA-1",-1.19853893025854,-1.82640655236072
"AGGTAGGCAAGAATGT-1",4.76365539328119,1.70362918181592
"AGGTCATAGTCCGCCA-1",1.27046796576044,2.70610348982983
"AGGTCATCAATGTTGC-1",-3.48807266458014,-3.54365403847522
"AGGTCATCACTGCTTC-1",4.46718379751703,0.234628469778832
"AGGTCATCAGAGAAAG-1",3.04534885183832,4.59336535735303
"AGGTCATGTAGACAGC-1",4.41231891409418,-0.342548026607696
"AGGTCATGTCCAGTTA-1",-2.56832411988714,-2.55971987442798
"AGGTCATGTCCTTGTC-1",-0.319368125042707,2.38821260733777
"AGGTCTAAGTTGGCTT-1",-5.44439295037726,-1.9437733431322
"AGGTCTACACGCTGTG-1",-0.985310823759824,-2.58531553940601
"AGGTCTACAGAGTAAT-1",-1.04977420075873,2.55410759253674
"AGGTCTAGTAGACAAT-1",2.35202881590387,2.04621557994061
"AGGTCTAGTCCGCAGT-1",-0.227312774500639,-0.00143621759242177
"AGGTCTATCACGGTCG-1",4.91888639227411,-0.610116853283111
"AGGTCTATCCTGGCTT-1",-1.24499645932654,-0.202914192245666
"AGGTCTATCTCCAAGA-1",4.95288297430536,1.97831003470593
"AGGTGTTCACTATCGA-1",-5.75233152612188,-1.40530557827777
"AGGTGTTCACTGTCCT-1",4.16590616003534,1.45555786891156
"AGGTGTTCATCGCCTT-1",-2.38448599084356,-2.32049472527331
"AGGTGTTGTCTGTCCT-1",-5.75257328256109,-0.30431310729808
"AGGTGTTGTTAACAGA-1",-3.4591937373493,-3.04218132691211
"AGGTTACAGCCATATC-1",-0.500907422146589,-2.70503981308765
"AGGTTACAGGTACAAT-1",-1.39482358201483,0.882642255260285
"AGGTTACGTACCTATG-1",-4.61701420052984,-1.00301213459796
"AGGTTACGTTATGTGC-1",6.15239545599481,1.09443311495953
"AGGTTACTCTAGGCAT-1",-0.473697514376432,-4.96371729569263
"AGGTTGTAGGTGGCTA-1",-2.66306355699042,1.17990546031171
"AGGTTGTGTCATCACA-1",-4.52865913613775,-0.278310461805526
"AGGTTGTGTGAGACGT-1",-1.24893370374182,-1.1803388138277
"AGGTTGTGTGGTCTTA-1",3.37285587088129,3.87102811141187
"AGGTTGTTCTCTATGT-1",-0.627062798580915,1.13980428977185
"AGTAACCAGCTGACAG-1",-1.25204435094336,1.23474066062146
"AGTAACCCATGGAACG-1",-4.61982706292608,-1.64208002285785
"AGTAACCGTTCCGTTC-1",2.0867685963299,4.99964349074536
"AGTAACCGTTGTGGCC-1",-0.413207084975034,2.39356105132275
"AGTAACCTCATTGTGG-1",-3.22578123315314,-2.58131725983447
"AGTACCAAGCTCAGAG-1",-0.632890255293638,-0.835166050956908
"AGTACCACAGCGACAA-1",-0.477604181608945,-4.23073418335742
"AGTACCACATGCGTGC-1",5.66964027182123,0.4066628376978
"AGTACCAGTATTGCCA-1",-5.71919706567267,-1.4147171516878
"AGTACCATCAGGACGA-1",0.419269709744662,-2.93553383545703
"AGTACCATCTGCTGAA-1",-2.03386667474249,-0.00433866204446912
"AGTACTGAGCTGCCAC-1",-1.56052711709479,1.78855280680829
"AGTACTGCAGACCATT-1",1.72568318144342,2.32505457205945
"AGTACTGGTAACATAG-1",3.78639814154169,4.4831167916792
"AGTACTGGTGTTTACG-1",-0.867050738177091,1.1483281116026
"AGTACTGTCAGCGCAC-1",-3.66386225923041,-2.11274869637317
"AGTACTGTCATATGGC-1",0.122371672549456,-4.11974365906543
"AGTAGCTAGCAGGCAT-1",2.87927552954218,5.30047671599561
"AGTAGCTGTGTCTCCT-1",2.47277185217401,2.99506108565503
"AGTAGTCAGTACGTCT-1",3.47706124083063,1.02204941315823
"AGTAGTCGTCTCAGGC-1",-1.95242753728369,-2.61883313851184
"AGTAGTCGTGGTGATG-1",4.91847440496942,0.710665390922364
"AGTAGTCGTTCCCACT-1",1.69239219919702,4.21942059798413
"AGTAGTCTCCGTGACG-1",-0.476590425810606,0.436353908016022
"AGTAGTCTCTCGCAGG-1",-0.666142911753446,0.856474564506348
"AGTCAACAGACCAAAT-1",-1.6824273179386,2.29901377959424
"AGTCAACAGGAACGAA-1",5.15720531240961,-0.515182747410003
"AGTCAACAGTTCCATG-1",2.26445194975397,3.91680471701794
"AGTCAACAGTTGGAAT-1",0.466545133748263,-4.71029265122241
"AGTCAACCAACTCGTA-1",3.50130697981378,4.25870768828565
"AGTCAACGTCATTGCA-1",3.61102673307916,3.99938671393567
"AGTCAACGTGTTCCTC-1",-1.57821872933844,0.884479091598328
"AGTCAACGTTGCTCCT-1",-0.793612689814359,0.903201148940858
"AGTCAACGTTTACCAG-1",-2.48240235551336,1.51525144381696
"AGTCACACACCGTGCA-1",-0.41032552822569,1.24956838889294
"AGTCACACACTCCCTA-1",-1.71961572869757,-1.46833629803485
"AGTCACATCCCGAAAT-1",1.81840011374018,1.06799320979291
"AGTCATGAGCCAAGTG-1",-0.0561517561886612,-3.88309605316943
"AGTCATGAGTTGAATG-1",-0.875636191210538,-1.70988805489368
"AGTCATGCACAATGTC-1",-2.04495385392645,2.65702550215894
"AGTCATGCAGCCATTA-1",-1.74838486417273,-2.54615361885852
"AGTCATGGTATCATGC-1",-0.539150000653059,-3.08003504471606
"AGTCATGTCGATCCAA-1",-1.49270120366552,-1.46879012780017
"AGTCATGTCGGACTGC-1",2.91198155180475,3.78569619460278
"AGTCATGTCTGGGATT-1",-2.43684175713995,1.6672821502226
"AGTCTCCAGACTTCGT-1",-0.761611254057676,-2.40305168824023
"AGTCTCCAGGCCATAG-1",-0.227594071171075,1.94035081668073
"AGTCTCCGTCTCTCAC-1",4.84836694494745,0.481404201223191
"AGTCTCCTCCGCAGTG-1",0.705122440018862,-5.08414061264819
"AGTCTCCTCGGCCAAC-1",-2.33640387757757,-1.6062923212511
"AGTCTCCTCTGGTGCG-1",-5.7637284110401,-1.21180315213031
"AGTGACTAGGTCGACA-1",5.33204767004511,0.438079730703171
"AGTGACTCAGATCCAT-1",-0.992018134436399,1.97143308921033
"AGTGACTGTTCTCCAC-1",-1.57436505063513,-1.7494910498125
"AGTGACTTCCGGTTCT-1",3.84536453978082,0.285263762904938
"AGTGACTTCGAGATGG-1",0.562650232472628,-2.48465569214648
"AGTGACTTCGTTCTGC-1",0.154127000727862,-3.46210868553943
"AGTGATCAGACCATAA-1",4.94558498159906,1.68431405825787
"AGTGATCAGTCCTGCG-1",-2.02293911679724,-0.0129489813906586
"AGTGATCGTCCCTAAA-1",3.30177280203363,1.41601710124188
"AGTGATCGTTGCCTAA-1",-4.55017355187872,-2.32242305474109
"AGTGATCTCACTTATC-1",-2.11759546502569,-1.74009342388934
"AGTGCCGAGCAATAAC-1",1.11371216074488,4.49354617400342
"AGTGCCGTCAGTGCGC-1",2.72998592154047,0.17616774244481
"AGTGCCGTCGGAAACG-1",2.29953572050592,4.93966834349805
"AGTGTTGAGAGCTTTC-1",-0.171160341343671,-2.98255331711597
"AGTGTTGAGCCGGAAT-1",5.30954906240961,0.410102502538499
"AGTGTTGCATCGCTGG-1",3.06315037504694,1.96288983626538
"AGTGTTGCATGGGTTT-1",1.31969281927606,-0.0669130449158585
"AGTTAGCCAAGCAATA-1",-2.81167605622748,-2.25057585434741
"AGTTAGCCATCCGGCA-1",-2.31247618897894,-0.297484799192611
"AGTTAGCTCACGACTA-1",-1.66607061131933,-3.59962995247668
"AGTTCCCCAGCGACAA-1",-0.423139424166471,-2.76350219445056
"AGTTCCCCATCCTAAG-1",2.31420990721247,4.95480458541089
"AGTTCCCCATGTGGCC-1",-1.59745636685827,0.174570904208955
"AGTTCCCGTTAAGACA-1",1.00272270933649,-2.82403714852161
"AGTTCCCTCAAAGACA-1",-2.85331729157904,-1.29769940571612
"AGTTCCCTCACTGTTT-1",3.89824315802118,3.4611498574751
"AGTTCCCTCCAAGGGA-1",0.260951458373278,-3.22509892182178
"AGTTCCCTCCGATAGT-1",4.08994886175653,-0.195431082413856
"AGTTCCCTCGACCATA-1",0.27343124047777,-2.17983515457935
"AGTTCGAAGTAGCAAT-1",3.0078358341839,4.07588593764478
"AGTTCGACAGCTACAT-1",-2.03141597016791,0.643025503589448
"AGTTCGACATACCATG-1",-1.7438412021015,0.114398353828725
"ATACCGAAGACGCTCC-1",2.63910290495416,4.37731091780835
"ATACCGACACATATGC-1",5.79160472647211,1.50748221678906
"ATACCGAGTGGAACCA-1",1.07482239500543,-2.56623990731067
"ATACCGAGTTAGAAAC-1",-3.37419584496954,-1.04466195301837
"ATACCGAGTTCAAGTC-1",-0.823922605356962,-0.697584523723785
"ATACCGATCAAGTGTC-1",-0.591449917397291,-3.26386125283069
"ATACCTTCACGAGAAC-1",3.28732153669855,3.83865921302014
"ATACCTTTCTCCAAGA-1",0.0620115985061821,1.03297798438245
"ATACCTTTCTGGTCAA-1",2.64471170202753,3.60623519225293
"ATACTTCAGAGCGACT-1",-2.45629766686896,-1.69465084271258
"ATACTTCCAGCGTACC-1",5.53807088629267,1.2238873700636
"ATACTTCCAGGTTCAT-1",0.549978642621249,-2.11327917771167
"ATACTTCGTCTCGGAC-1",-2.25552395089605,-3.58456642823047
"ATACTTCTCCTGCCAT-1",-5.07541731103399,-2.20174296097583
"ATACTTCTCTGCGATA-1",-2.09354844792822,2.57722680373364
"ATAGACCAGGGCTTCC-1",-3.27698138459662,-1.17485041813678
"ATAGACCCAACATACC-1",-1.30645516618231,-3.61998136238879
"ATAGACCCAATCCAGT-1",1.04970976606867,-1.44284172253436
"ATAGACCGTGATAGTA-1",-1.54575494035223,0.355235234929856
"ATAGACCTCGCCTCTA-1",-0.0404693122122589,-4.21842272476977
"ATAGAGACATTCACCC-1",-6.07593229516485,-1.37119431690997
"ATAGAGATCCCAATAG-1",3.76114293829462,1.50973074240857
"ATAGAGATCTCCCATG-1",1.64721080557367,2.69991032881909
"ATAGGCTGTTGCAAGG-1",-1.69737425549963,3.07102482123547
"ATATCCTAGCCTCAGC-1",-5.16840723260382,-2.03383524613208
"ATATCCTAGGAAGTGA-1",4.98309966818354,-0.670409931705657
"ATATCCTAGGCATGGT-1",-5.86107567056158,-0.367208435104553
"ATATCCTCACCTCGTT-1",2.48387333647272,4.9470011453169
"ATATCCTCAGGCACAA-1",0.686319499173373,2.97969262404614
"ATATCCTCAGTTCACA-1",-2.80103519662359,-2.50452144341296
"ATATCCTCATTCCTAT-1",-2.56726315721014,0.178247452809151
"ATCACAGGTGTGGACA-1",-3.69285300477484,-1.81158025460071
"ATCACGACAGCTACTA-1",-2.48915174706915,-0.837326659725372
"ATCACGAGTAGGGTAC-1",-3.92901089890936,-2.48482973770923
"ATCACGAGTCACTGAT-1",-0.739183516344816,-3.7311325808031
"ATCACTTCAACTCGTA-1",-1.35014560922125,-4.00555927948779
"ATCACTTCACTACACA-1",5.88501474157831,0.408834950162705
"ATCACTTGTAAGGCCA-1",-6.07952860101202,-1.28839345173663
"ATCACTTGTCCAACGC-1",1.83459290758631,4.59073416991406
"ATCACTTGTTGTGGAG-1",-0.0713680769417587,-5.23583300309009
"ATCACTTTCTATGCCC-1",-5.85340955956915,0.162692488266762
"ATCAGGTAGACTCTTG-1",3.02540895239374,2.83039872451001
"ATCAGGTAGAGCTTTC-1",6.05549213186762,1.67023424906903
"ATCAGGTAGGGAGTGG-1",4.74839231268427,0.985299990608033
"ATCAGGTCAAGGCCTC-1",-0.611772299847395,-2.2661999006731
"ATCATTCAGCACTAGG-1",1.70822104708216,4.52216021819287
"ATCATTCAGGTATAGT-1",-4.29556682809332,-0.504803850219909
"ATCATTCGTTACGGAG-1",-2.47350695832709,0.652817473842438
"ATCCACCAGAGCAGTC-1",-2.03796580537298,-1.25359423355884
"ATCCACCAGTAAACGT-1",3.12573310629389,1.67958824439221
"ATCCACCCACAAATGA-1",2.26880094305536,3.78205649657422
"ATCCACCGTACCCACG-1",-4.49910286172369,-1.6253991861803
"ATCCACCGTCCTTAAG-1",-2.39296797021368,0.300377742482957
"ATCCACCTCCAACCGG-1",-1.00267210706213,-4.41960175232715
"ATCCATTAGACGACTG-1",2.15354654089472,4.73182170195752
"ATCCATTCAGTTGAAA-1",0.607113568940371,3.84396498007947
"ATCCATTGTATTGAGA-1",1.21335121885797,-3.71806342797107
"ATCCATTTCACCCTTG-1",2.38483163610956,1.11888305945569
"ATCCATTTCGGCTGTG-1",-0.41194513543585,0.794185922576722
"ATCCCTGCAATGTCAC-1",-0.455077172360212,0.338792518808182
"ATCCCTGCACACACTA-1",-0.325832993826658,-2.82285888390369
"ATCCCTGCAGCTGCCA-1",-2.06889930470923,2.35651891036206
"ATCCCTGCAGGTTCGC-1",-0.281126410803587,-3.31683404640979
"ATCCCTGGTCACATTG-1",0.765825896420687,0.659559414817628
"ATCCCTGTCGTAGGGA-1",3.05709311262628,2.70307748122388
"ATCCCTGTCTCTATAC-1",-0.970982999644071,-0.773889555500213
"ATCCGTCCAAGATTGA-1",1.45542344347498,3.28410689635449
"ATCCGTCCATCCTAAG-1",0.193583785453051,3.15509931845837
"ATCCGTCGTACGTTCA-1",-1.45256903871039,-4.32672102646655
"ATCCGTCGTAGCTTTG-1",-1.63126519425848,0.0426737094322705
"ATCCGTCTCCGACATA-1",0.583246617474764,-3.3147028227312
"ATCCGTCTCGGAATGG-1",-4.17941692574957,-1.33642668919391
"ATCCTATAGGGACACT-1",-1.0563891242359,0.624013231231507
"ATCCTATTCCTTACCG-1",5.75811979071161,1.70647828383618
"ATCCTATTCTTCGACC-1",3.04993602530023,1.78441242976361
"ATCCTATTCTTGAACG-1",-0.620684773764402,-1.67134876446551
"ATCGATGCAGACCAGA-1",-0.901872367701322,-0.822456254528228
"ATCGATGCAGCATTGT-1",-0.894785077414304,-0.387421294019882
"ATCGATGCATCGTGGC-1",-1.25711634858587,2.51216356558972
"ATCGATGCATCTGCGG-1",3.8706881691601,1.54707639022046
"ATCGATGTCCCGAGAC-1",4.05737087027094,0.025752171038326
"ATCGATGTCGCACTCT-1",-1.54862240060309,2.09106271071607
"ATCGCCTAGTCCGCGT-1",-1.94052258237341,-1.97395498947925
"ATCGCCTAGTGAACAT-1",-0.365130485138685,0.44457177920514
"ATCGCCTCAAAGGGTC-1",0.607777743497103,-2.13189275460071
"ATCGCCTGTGTCCAAT-1",2.25012060896417,1.20560805602246
"ATCGCCTTCCAAAGGG-1",0.248163579859942,3.55537144942456
"ATCGCCTTCCGTGGTG-1",-0.492360861143858,1.33883409304791
"ATCGCCTTCGTAGGGA-1",-3.93307474359015,-3.91494090752429
"ATCGGATAGAAGCCTG-1",2.99829074636957,4.69490783019238
"ATCGGATAGAGTTCGG-1",-1.14674714311102,2.23011009497815
"ATCGGATAGATTGCGG-1",0.893650739350527,2.56848065657788
"ATCGGATGTGAGCAGT-1",-0.758723945460111,1.20015697283917
"ATCGGCGAGGACAACC-1",-1.32908955319861,-2.2746945162279
"ATCGGCGAGGCTCTCG-1",-2.58036926492193,-0.418888284729186
"ATCGGCGAGGGTTAGC-1",3.02900549665949,2.25134937567883
"ATCGGCGAGGTCTTTG-1",-0.544931084952146,1.72802989287549
"ATCGGCGGTTGACTAC-1",-1.32687655194739,-1.67054445938892
"ATCGGCGTCGAGTACT-1",2.9071335484173,2.42407624526196
"ATCGGCGTCTCAGTCC-1",-0.910446436247617,-3.780215098427
"ATCGGCGTCTGGTTGA-1",1.50495561853906,4.09381453795606
"ATCGTAGAGCAAGTCG-1",-2.04265371068457,-3.01640589432544
"ATCGTAGCACCAACAT-1",1.39937230841181,4.1933013658064
"ATCGTAGGTCGTGCCA-1",-5.73271539910772,-1.64420087532825
"ATCGTCCAGGCAGTCA-1",-3.48140552743414,-3.26075871186084
"ATCGTCCAGGGCCTCT-1",-1.9345252822254,1.22812371058637
"ATCGTCCCATATTCGG-1",-5.4721286605213,-0.836304797695342
"ATCGTCCCATGTTCAG-1",-0.687610418638975,-3.18968827919788
"ATCGTCCGTTCTCCTG-1",2.92287203566095,2.53758780760938
"ATCGTCCTCCCAGGAC-1",-0.552325219950468,-3.0619955797655
"ATCGTCCTCTTGGCTC-1",-2.30320695146063,2.66669671340161
"ATCGTGAAGACGAGCT-1",2.90910527006647,4.17869441313916
"ATCGTGAAGAGAACCC-1",2.41331025854608,4.64110581679517
"ATCGTGAGTTGCATTG-1",-3.66863682969549,-1.3174670477373
"ATCGTGAGTTTACACG-1",-1.01591274245718,-1.38870783047504
"ATCTCTAGTGGTACAG-1",2.99971696630976,4.85941378874951
"ATCTTCAAGGGAGTGG-1",3.40960404173395,1.95898668570691
"ATCTTCACAATCTAGC-1",-2.48150804742315,-2.55323870377368
"ATCTTCAGTCGAATTC-1",-3.86808040841559,-1.58545370297259
"ATCTTCATCCCGTTGT-1",-0.700423986754209,-0.0134223652047551
"ATCTTCATCCGTCACT-1",6.36309835211298,0.787904785110291
"ATCTTCATCGGCATTA-1",-3.48327043755987,-1.40670533375568
"ATCTTCATCTCATTTG-1",4.96949311987421,0.0607310134010875
"ATGAAAGTCATTATCC-1",2.58476778761408,5.30015532775098
"ATGACCAAGACAGCTG-1",6.13226672903559,0.705542967750367
"ATGACCAAGGGCAGGA-1",3.70315596357843,0.622117922736939
"ATGACCACATCGTGGC-1",1.52153524652979,4.30084912581616
"ATGACCAGTCTCACAA-1",-1.08692142470816,-2.97963078217334
"ATGACCATCTGTTGGA-1",-5.66365984185675,-1.85248143868274
"ATGAGGGGTAGTCACT-1",3.69159242407343,4.24828116698438
"ATGAGGGTCCACCCTA-1",-2.01265063985327,-1.56684668259448
"ATGAGTCAGCGCCCAT-1",0.209581761517733,-3.64073569969958
"ATGAGTCAGTCATAGA-1",5.67427846685907,-0.503826155231658
"ATGAGTCCAACCGCTG-1",0.355780004420489,-1.91622502999133
"ATGAGTCGTCTTAGTG-1",-2.04902532800177,-3.91980226235217
"ATGAGTCTCATTTCGT-1",-0.351286218604833,-4.76326115326709
"ATGAGTCTCCGCTGTT-1",-2.57837799294928,1.52525322241956
"ATGATCGAGCCTATCA-1",2.70784470335504,4.64003341002637
"ATGATCGCAATCAAGA-1",4.63801309362909,0.931636915637788
"ATGATCGCACAAGGTG-1",-1.9314780543659,-1.77337796883411
"ATGATCGGTCACTGAT-1",-2.06991568311194,1.63637261195355
"ATGATCGGTGGCTCTG-1",-0.426400871119291,-4.8112905760271
"ATGATCGGTTAAGGAT-1",2.9848169972088,3.384744093849
"ATGATCGTCCTTATGT-1",1.7283507277157,1.65986971659833
"ATGCCTCCAGCCGTTG-1",0.046432330169886,1.2430421571272
"ATGCCTCTCCCTTGGT-1",-0.367860973915845,-3.18753464417285
"ATGCCTCTCTTCGATT-1",-1.10757914288977,-4.02322895722217
"ATGCGATAGCGTGCCT-1",-0.724230379900724,-0.0751664553744233
"ATGCGATAGTAAACTG-1",-0.371164680561811,-4.01773626999683
"ATGCGATAGTTTCGGT-1",0.3563343276169,0.744177148773011
"ATGCGATCAGGCTATT-1",0.434674112954348,-4.98415787415332
"ATGCGATGTATCACGT-1",-1.5997845242832,1.07275562091046
"ATGCGATGTGGTCTTA-1",0.255598812260836,-3.56597550110644
"ATGGAGGAGATGGGCT-1",2.99126431242487,2.46651475234204
"ATGGAGGAGTCGAAGC-1",-2.54603412850836,-2.53917510704822
"ATGGAGGCAGAGGCAT-1",-1.4286442111347,-0.53881354527301
"ATGGAGGTCGGTAACT-1",-0.710157127222807,2.89415781302625
"ATGGATCAGTGCAAAT-1",2.71434900061151,5.03336255355054
"ATGGATCTCGCTTGCT-1",-0.0890079560790363,-3.97283251480884
"ATGGATCTCGGAGATG-1",-1.4117540429447,0.630967305137452
"ATGGGAGAGGGTGGGA-1",-0.433772266945631,1.59785537524396
"ATGGGAGAGTATGGAT-1",2.6710061718609,0.180997700526055
"ATGGGAGAGTCGGGAT-1",3.36197134748957,4.54478375716382
"ATGGGAGCATCGAAGG-1",-6.15416410668829,-0.732309951351348
"ATGGGAGGTCCATACA-1",-1.06239917977789,2.0015539388197
"ATGGGAGGTGAGCGAT-1",-1.79950037702063,2.22257749839002
"ATGGGAGTCAATCGGT-1",0.698563366093844,3.98192279143506
"ATGGGAGTCGGTCGGT-1",4.67950984732172,-0.11029907958335
"ATGGGTTAGTCCTACA-1",1.02672764555475,4.36793343825513
"ATGGGTTCAACCCGCA-1",-1.74917677148321,-4.35660298065967
"ATGGGTTCACGACGAA-1",-5.45192507012823,-1.36866314606494
"ATGGGTTCACGCTTAA-1",-2.14679649575689,-2.73545701699084
"ATGGGTTGTTTCGACA-1",-2.1301013539646,1.63287477297955
"ATGGGTTTCTAAGCCA-1",-4.84542015298346,-1.55571170048541
"ATGGTTGAGCGAGTCA-1",-0.719217033228666,2.75313966078931
"ATGGTTGAGGAAAGTG-1",-0.082578678718597,1.36345975203687
"ATGGTTGCAATTGCCA-1",0.684985606827944,4.08902566237622
"ATGGTTGCATCTATCT-1",-0.52286061748007,-3.69129402832812
"ATGGTTGTCCGCACTT-1",-2.10404160722235,-2.81576688484973
"ATGGTTGTCCTCAGAA-1",1.97428533331415,2.6761111478346
"ATGGTTGTCCTGGGAC-1",-1.94555226071814,2.22183005614453
"ATGTCCCAGCCGTAAG-1",-1.10221156581381,-3.72652561859912
"ATGTCCCGTTCCTAGA-1",1.11250409380457,2.16871826453381
"ATGTCCCGTTGCGAAG-1",-2.06560781701544,-1.08320648865527
"ATGTCCCTCCACTTCG-1",2.22898027197382,4.29072205825025
"ATGTCCCTCGCATGAT-1",-1.96893122895697,-4.23076374726123
"ATGTCCCTCGTTACCC-1",2.5176014591839,5.26711861891919
"ATGTCTTAGAGTGGCT-1",0.288887350716799,-2.04225881295032
"ATGTCTTGTACAGAAT-1",2.29272791639826,4.14024607939893
"ATGTCTTGTCGAACGA-1",4.74367210165522,0.891588495208558
"ATGTCTTGTGGCTAGA-1",4.42100116507074,1.72629873557263
"ATGTCTTTCCGATGCG-1",-4.95149162515143,-0.63223178582019
"ATGTCTTTCCGCGATG-1",-0.64804759725073,3.03441517157727
"ATTACCTAGAAGTCAT-1",2.92757031218073,3.91162936492139
"ATTACCTAGATCCGAG-1",-0.799001426539213,1.45687453551465
"ATTACCTAGTGCTACT-1",-2.78640702470282,0.698753819896516
"ATTACCTGTGAGTTTC-1",-1.03739658101538,2.91584508223706
"ATTACCTTCGTTCTAT-1",5.08764383093378,1.08992414279157
"ATTACCTTCTCATTTG-1",3.61701771513483,4.37553374571973
"ATTACTCAGGTGCCAA-1",5.60052224890253,0.111026906503972
"ATTACTCTCGTCTACC-1",-1.98292985661963,1.23809902472669
"ATTACTCTCTGTCAGA-1",0.687285392441958,-3.92830307679004
"ATTATCCCAAAGCTCT-1",5.86395618216059,-0.16134692625827
"ATTATCCCAATTGCTG-1",5.56406757132074,1.83953611655408
"ATTATCCCACGGATCC-1",2.28401896254083,5.3076550225752
"ATTATCCCACTGATTG-1",-1.10216334565619,-4.01875479416675
"ATTATCCCACTTGTCC-1",-0.00702772392967374,-4.64037878708667
"ATTATCCCAGAATCGG-1",-0.297247336349279,-0.204049422310058
"ATTATCCGTCAGACGA-1",-0.213259087047369,-4.9777944822771
"ATTATCCGTGCTCGTG-1",-0.717179090819151,-0.423436953590575
"ATTATCCGTTGGGATG-1",-0.324188054642469,-1.60850687222308
"ATTATCCTCTGAATGC-1",2.42312857405207,1.12161307139569
"ATTATCCTCTTCTGTA-1",-2.34047058328131,-2.15182144837207
"ATTCACTCAACCCTAA-1",-0.603920609793455,0.663157389594849
"ATTCAGGAGAGATCGC-1",1.65166279570124,1.34222130580121
"ATTCAGGCACTACTTT-1",0.839614718117922,-3.72026355461902
"ATTCAGGCATGGGATG-1",0.327197878518313,0.443795041276749
"ATTCAGGCATTGCCGG-1",-6.08080557092169,-1.04124565319842
"ATTCATCAGGATCATA-1",-2.39947918160895,-0.274460418985549
"ATTCCATAGACGAAGA-1",-0.0746218833241764,1.18725244803601
"ATTCCATAGTGGACTG-1",-0.926527650198728,0.522711710168656
"ATTCCATCAACATACC-1",-1.25221970780829,-2.9755378504259
"ATTCCATGTACGATGG-1",1.92028352514765,1.63742654128247
"ATTCCATGTCGTGATT-1",3.35012432829401,2.84931485457593
"ATTCCCGAGTGTTGTC-1",5.30442067877313,-0.460658266113464
"ATTCCCGCAAGAATGT-1",2.45086571470758,4.01797883315259
"ATTCCCGCAGTGTATC-1",5.63181278006098,0.36872880263501
"ATTCCCGTCCTCAGAA-1",1.65071079031488,3.73120467467481
"ATTCCTAAGTTCCAGT-1",-2.71550062402228,2.36977832122022
"ATTCCTACACGCGCTA-1",1.55474790827295,3.69444076819592
"ATTCCTACACTGAATC-1",-2.23676899178961,1.16270355982953
"ATTCCTAGTGCTTCAA-1",0.108110680141657,-1.53916700081653
"ATTCCTATCACCGCTT-1",-1.90785876019934,3.07846324248486
"ATTCGTTAGAAGAACG-1",3.51577207342645,3.17565266890698
"ATTCGTTAGTTTCTTC-1",-0.342733786544592,0.0256744838344419
"ATTCGTTTCTATCACT-1",-2.20720031960943,-2.14188463883227
"ATTCTACAGACCATAA-1",0.167169003644198,-5.29969246582812
"ATTCTACCAGGTGGAT-1",-2.04862466557959,3.07320110602551
"ATTCTACGTATCCCTC-1",-2.42478349908331,-1.86913306908435
"ATTCTACGTTAAAGTG-1",-0.612999768099577,-4.72408516602344
"ATTCTACGTTCCGTTC-1",-1.57334056600073,2.56636707587415
"ATTCTACGTTGCTAGT-1",-4.2822249244068,-0.517347111271087
"ATTCTACTCCGCGATG-1",0.144756822743624,0.558304653598603
"ATTCTACTCCGCTTAC-1",3.80968186155817,-0.0269434963328278
"ATTCTTGCATTCGATG-1",2.73217198149225,5.17402713103467
"ATTCTTGGTATCCCTC-1",-5.90893533929327,-1.26090915398425
"ATTCTTGGTGTGTACT-1",-2.24808696015814,-0.260513766573135
"ATTCTTGGTGTGTCCG-1",-2.38634207948187,0.165962250067528
"ATTCTTGTCATTGAGC-1",0.03032795981428,1.41464500231915
"ATTCTTGTCCATTGCC-1",0.249643116154879,4.1987306336897
"ATTCTTGTCGACGATT-1",-4.91512420876959,-1.19287331299609
"ATTGGGTAGCAGCAGT-1",-1.39301386579016,1.80788104338818
"ATTGGGTAGGCGTCCT-1",4.62249061361811,-0.0769363556963837
"ATTGGGTCAACACAAA-1",-2.07269218667486,-1.83756108479327
"ATTGGGTCACCCAATA-1",3.0961143662121,2.73508565230542
"ATTGGGTCAGCCGTCA-1",4.01628085867426,1.05671815676862
"ATTGGGTGTAGATTGA-1",0.051305531420916,0.475134895278748
"ATTGGGTGTCTTCCGT-1",-5.7486179183338,-1.78162844376392
"ATTGTTCCAATTGCTG-1",2.38049933210871,4.9937540750044
"ATTGTTCGTATACCTG-1",-5.86127641900519,-1.59332819180316
"ATTGTTCTCGCGTGAC-1",0.680863230385989,3.85695736212903
"ATTTACCAGCCTGAAG-1",0.914471953072756,-3.03386647896594
"ATTTACCAGCTTACGT-1",1.1325220753338,-2.62548859314746
"ATTTACCGTCGGTAAG-1",-1.26063922151068,-3.87460334496326
"ATTTACCTCAGTGTTG-1",-3.15207937463263,-1.91028769211597
"ATTTCACAGACGTCCC-1",-0.12647549492383,0.374336467220124
"ATTTCACCAAGGACAC-1",-0.567255855641157,1.59108905596906
"ATTTCACCATGATAGA-1",1.00901612535974,-3.98263294892139
"ATTTCACTCGAACGGA-1",-2.297678739867,-3.57627136902637
"ATTTCTGCACTGAGTT-1",-3.1061573336933,-3.26469690995044
"ATTTCTGCAGCTGTTA-1",-0.686764747938902,2.50919453902417
"ATTTCTGCAGGTCCCA-1",-0.662108213743955,-5.10487444596118
"ATTTCTGGTGTCATCA-1",-1.22059229119757,-1.08900900082416
"ATTTCTGTCGATTTCT-1",2.48156830564997,2.07345931334668
"CAAAGAACACAGCGCT-1",-1.06501600249746,-0.179073973463241
"CAAAGAAGTAGCGTTT-1",3.62864348188898,0.823173568679627
"CAAAGAATCGTGGGAA-1",0.33451282874605,0.649582372142609
"CAACAACAGCGACTGA-1",-1.75019219621161,-2.10248739914722
"CAACAACCAACTGCCG-1",-2.93816259606817,-1.84587283329791
"CAACAACCAGCGTGCT-1",-0.717100174269468,-4.9107287664873
"CAACAACGTACAGGTG-1",4.60016557470819,0.0720543219732606
"CAACAACGTCGCACGT-1",-0.00743863090017469,-5.0866230268938
"CAACAACTCATCACAG-1",-0.461664558491499,-0.861836030052367
"CAACAGTAGCGATCGA-1",-1.61424103482702,-2.67567451195544
"CAACAGTAGGTCCGAA-1",-2.40701082452276,2.57435338301831
"CAACAGTGTCTTCATT-1",1.11059614912531,3.30444304747754
"CAACCAAAGAGCCCAA-1",6.28460332647821,0.107028351260957
"CAACCAACAGAACTCT-1",-2.85582903130987,-1.61977918343372
"CAACCTCAGCTGCCAC-1",-0.436518610558302,-5.16588576035327
"CAACCTCCAAATAAGC-1",1.28477498785517,3.74143187804395
"CAACCTCCAGACGATG-1",2.54803368345758,2.97217004103833
"CAACCTCTCAGAGCAG-1",-1.49669626458624,1.20297603411847
"CAACCTCTCCTCGCAT-1",-1.37592914803961,2.44672887129956
"CAACGATCAAGCCCAC-1",0.702369182267397,-3.42901690201587
"CAACGATCACGAAAGC-1",2.43262049452326,0.39827518267804
"CAACGATCATCACAGT-1",-4.00615099175909,-3.04077060417956
"CAACGGCAGACTGAGC-1",-2.6686721156452,-3.678403927849
"CAACGGCAGATGAATC-1",-2.35102751954535,1.93387048049146
"CAACGGCAGTGAACAT-1",-1.07535335525015,3.22875587744885
"CAACGGCAGTGCTCGC-1",6.38267108694574,0.721769020988282
"CAACGGCGTGCAGTGA-1",4.95908424154779,1.02203260464841
"CAACGGCGTTCCCAAA-1",4.30463239447138,-0.606791808174316
"CAAGACTAGATGCCGA-1",2.568447797456,1.77463393016034
"CAAGAGGAGGCTAGCA-1",-1.81002703412512,-1.78366966442889
"CAAGAGGAGTGCACTT-1",0.754692881264895,1.30779926581555
"CAAGAGGCACAACGAG-1",0.667040436425417,-2.82428415016956
"CAAGAGGGTCTACACA-1",1.07184168592951,-3.79449708657092
"CAAGAGGTCCGATAAC-1",-5.20497205956915,-0.820912434623901
"CAAGCTAAGACGGTCA-1",-1.53388610585669,-4.42578251557178
"CAAGCTAAGCCTCAGC-1",0.477637975373476,-1.25330932335681
"CAAGCTAAGGTAGTCG-1",-1.00221601232031,-0.921743168399993
"CAAGCTAAGTGTAGTA-1",3.94658586279413,0.15764151616269
"CAAGCTAGTACTCCGG-1",-0.412928224644453,-1.05789787964648
"CAAGGGACACTCGATA-1",-0.225695283255369,-1.72666592793292
"CAAGGGAGTCCAGCCA-1",6.18208810583612,0.778056309654053
"CAAGGGAGTCTACAGT-1",4.90152904287836,1.5480502109068
"CAAGGGAGTGTGACCC-1",-4.04584029420355,-1.49504323201007
"CAAGGGAGTTTCTATC-1",-1.05968085034826,-3.58106954293079
"CAATACGAGGTCGCCT-1",4.66269990698358,1.96555833621198
"CAATACGCAACTTGCA-1",-1.45279923184851,-0.394010438488189
"CAATACGTCTACTGCC-1",-1.83862272008398,3.26857869429761
"CAATACGTCTAGCATG-1",4.63547298208734,0.916920409633454
"CAATACGTCTTCCCAG-1",-0.409110338530332,1.75298301978284
"CAATCGAAGAAAGCGA-1",0.0641860802557167,0.371303455068406
"CAATCGACAAATTGGA-1",-0.310151578030378,-0.0404306639892495
"CAATCGAGTGTTCAGT-1",2.9481172253277,1.91488282485181
"CAATCGATCCATCGTC-1",-1.85256329282263,-1.54448421196765
"CAATCGATCGTGGAAG-1",0.136801241793841,-4.56139595703906
"CAATCGATCTGTCGCT-1",0.738709180512637,3.5827855329054
"CAATGACAGAGCCATG-1",1.93064138189813,2.38117806716138
"CAATGACAGCAGCGAT-1",1.04842838541529,-2.80385287003345
"CAATGACAGCATGTTC-1",-5.85784414514044,-0.845615460441772
"CAATGACCAGACACCC-1",-5.71125438912848,-1.57481212811298
"CAATGACCAGAGAGGG-1",2.19450065390131,0.180912078453835
"CAATGACGTCTTAGTG-1",0.750762968220919,-2.63540275292224
"CAATGACGTTCCTACC-1",-2.71939852937201,-1.28807194428271
"CAATGACTCAGGGATG-1",-0.634703845820219,-0.344095512197677
"CAATGACTCGCAAGAG-1",1.82028540865442,2.70935885710889
"CAATTTCAGAATCGTA-1",2.82097217337152,1.26338617606336
"CAATTTCGTCGGCCTA-1",-1.15640500291327,-3.44076569275684
"CACAACAAGGATGCGT-1",1.37212273375055,2.69101922316724
"CACAACACAATCCTAG-1",0.645726828732699,-2.63614566521472
"CACAACATCAAATAGG-1",-3.00821831925848,-3.03215034203357
"CACACAACATCCGGCA-1",2.62367984549066,3.27099983496838
"CACACAAGTCTACACA-1",3.82990857855341,1.39492051406079
"CACACAATCGTCCTTG-1",-1.13446930154303,-4.30091412262744
"CACAGATAGCAGCGAT-1",-3.28827217324713,-1.79324765400714
"CACAGATCAAGCTGTT-1",-2.40092447503546,-2.40279610352344
"CACAGATCAATAGAGT-1",-3.78073886140326,-3.34998328881091
"CACAGATGTTGGAGGT-1",-1.91303876145819,-2.70525534348315
"CACAGATTCAAGCCTA-1",-3.42897656663397,-2.19685514168567
"CACAGATTCCCGGTAG-1",-0.0648905496213737,-3.18685038285083
"CACAGATTCCTACCGT-1",-2.26755812867621,-3.75424058632678
"CACAGGCAGATCCCGC-1",-2.63604500993231,0.736784384681519
"CACAGGCCACGTATAC-1",-0.27817854388693,1.7810048322218
"CACAGGCGTAGGCAAC-1",-2.22102335198858,2.50491301818066
"CACAGGCGTCTAGGCC-1",3.17005488173029,1.6956252316969
"CACAGGCTCATGCATG-1",0.73600557343027,-2.37805135445422
"CACATGAAGAAGTGTT-1",-3.34685662492254,-3.43518002228564
"CACATGAAGAGAGGGC-1",-1.01600405677298,-3.09181029991931
"CACATGATCTATGTGG-1",3.89893981710932,4.09361426634961
"CACCAAACAGCGAACA-1",1.12629970804712,-4.14395315842456
"CACCGTTAGAACGTGC-1",0.548190384068697,-2.78258331017322
"CACCGTTAGATCACCT-1",-4.23845031960943,-2.32814271645373
"CACCGTTCAAGTGGAC-1",0.299667506375521,3.57777731223279
"CACCGTTGTCAAAGCG-1",-0.808505983195097,-2.68973071770496
"CACCGTTTCCACGTGG-1",0.660204200902193,-4.43337662415332
"CACGAATCAGGTAGTG-1",-0.00861620261409909,2.9550348977583
"CACGAATGTATACAGA-1",-1.05171713336447,1.83973221583539
"CACGAATGTGAAGCTG-1",-3.94573477014044,-2.13677413658923
"CACGGGTAGCTCCATA-1",-2.68909147485235,-1.23373873429126
"CACGGGTAGGTGCATG-1",3.89998265997431,3.93780200286084
"CACGGGTCAGCATTGT-1",1.80532023207208,2.1373383264082
"CACGGGTCATAGGTTC-1",4.91196223989984,1.89079575343305
"CACGTGGAGAGGTTAT-1",-1.50317302449682,-0.0319985737068093
"CACGTGGAGATGCGAC-1",-1.02200850947836,2.31888930602246
"CACGTGGAGTCTAACC-1",-0.398979307255537,-2.40391619400806
"CACGTGGCACTGAGGA-1",0.221422343411654,-5.13562138275928
"CACGTGGGTAGTTACC-1",-2.99782088502386,-2.83891518311328
"CACGTGGGTTATTCTC-1",3.18103596464655,3.30411450667554
"CACGTGGTCGGCCTTT-1",1.14775487677118,2.76077644629651
"CACGTTCAGTCATTGC-1",-1.93375328286627,1.74444477362805
"CACGTTCCATCCGGTG-1",-3.77813628419378,-1.3346265097124
"CACGTTCTCAAGAGGC-1",4.81115123526117,0.245434896184739
"CACGTTCTCCACTAGA-1",-1.27860346539953,2.11375849051648
"CACTAAGAGCAGAAAG-1",-1.92156198724249,-3.05434806542224
"CACTAAGAGGAACGCT-1",3.53303262487909,3.30364339156323
"CACTAAGCACTTGGGC-1",0.0938847352649864,-4.35031016068286
"CACTAAGCATTAAGCC-1",-0.135763402665794,-4.14272768692798
"CACTAAGGTATTCCTT-1",2.94984719053766,4.22378794951611
"CACTGAAAGTGAGGTC-1",0.099496318855494,3.33085672660046
"CACTGAACACTATGTG-1",2.25909492270014,4.32781808180982
"CACTGAACAGCCTTCT-1",5.06679603353998,0.37418963117772
"CACTGAACATGCCGCA-1",-2.15565636857489,-1.30902393059558
"CACTGAATCATCACTT-1",-2.91716006501654,1.52875451846295
"CACTGAATCGAGAGAC-1",-4.26460626824835,-1.62622006134814
"CACTGAATCTGTGCGG-1",4.9912731339123,0.0874729017751777
"CACTGGGAGGCTTCCG-1",-1.82419100507239,-0.213924988077346
"CACTGGGAGTCAAGCG-1",2.73339697615167,4.26260297103101
"CACTGGGGTAGGTTTC-1",-2.11504080995062,1.66635148329907
"CACTGGGTCACTGATG-1",5.47868892447016,1.71310250563794
"CACTGGGTCCAAGCTA-1",-0.364784644088537,0.0662037945377195
"CACTGTCAGCATGAAT-1",0.63581368223688,-4.29871304230517
"CACTGTCCACGTGAGA-1",1.91545340315363,1.88256757064038
"CACTGTCCAGGTTCCG-1",2.89756914869806,5.04681508345776
"CACTGTCGTAAGATAC-1",-4.80188825829962,-0.930231942699615
"CACTGTCGTGCTTCAA-1",2.52907630697748,3.48502533240491
"CACTGTCGTTCATCGA-1",-2.85832741960028,-0.961273266838256
"CACTGTCTCAGGAAAT-1",-2.19734433396795,-1.80396146969623
"CACTTCGAGTATGGAT-1",0.888607471146792,2.81162135405713
"CACTTCGCACGCGCTA-1",-1.38332095845678,3.04622905059033
"CACTTCGGTAGTATAG-1",1.81914743677637,4.72705428404981
"CACTTCGTCCGTACGG-1",-1.30518654092291,-2.31868608193225
"CACTTCGTCGAACCAT-1",-0.725466222605497,-3.98146374420947
"CACTTCGTCGAACGCC-1",3.04433461920282,4.03050868315869
"CACTTCGTCGAGAGAC-1",-2.49583867295721,-2.66676123337573
"CACTTCGTCGGCATTA-1",2.81010147825739,1.18613402648145
"CAGAGCCAGTCTCCTC-1",-0.89956411822775,0.918834135963258
"CAGAGCCCACATGAAA-1",-2.03351572259405,-3.84181053833789
"CAGAGCCCAGGTTTAC-1",1.72313102976343,4.74421469969922
"CAGAGCCCATGCAGGA-1",1.02282008425257,1.72584192557507
"CAGAGCCTCCGACAGC-1",-1.43478813870886,-2.49867518143481
"CAGATACAGGGTAATT-1",0.900922744431704,2.89050738616162
"CAGATACAGGTACCTT-1",0.0816541303779778,0.450621382428941
"CAGATACCATCTATCT-1",-5.17759445413092,-1.88623542980975
"CAGATACGTGCTATTG-1",-2.17068103059271,2.30970947547131
"CAGATACTCCTAGCGG-1",-5.68604448541144,-0.322432144449416
"CAGATACTCGAAACAA-1",2.42209240690729,0.220028252436455
"CAGATCACACAGCATT-1",4.31370469824335,0.860625610782441
"CAGATCACACTGGATT-1",3.54457947508356,3.86414878173047
"CAGATCACATCAGCGC-1",-0.93558296664694,-3.76717217163867
"CAGATCAGTGCTGCAC-1",2.77642056242487,4.02373378081494
"CAGATCATCAAGCCGC-1",-4.04684046014288,-3.31684239106006
"CAGATCATCCCTTGGT-1",-2.12236228688696,-2.50251610474414
"CAGATTGAGGCTCAAG-1",0.241871057906359,1.44138972563916
"CAGATTGGTCGAAGCA-1",-0.57017347320059,-0.347489460275832
"CAGATTGTCAACGCTA-1",-1.34616854890326,-4.68362887101001
"CAGATTGTCGGTGTAT-1",1.51072117582819,3.83842818541699
"CAGCAATCAGTCAGTT-1",-5.97489050134161,-0.14399810032672
"CAGCAATGTCACTCAA-1",0.376127867856234,-2.48985274033374
"CAGCAATTCCTGCTAC-1",-4.51422718270758,-1.13269539074725
"CAGCAATTCTTCTGGC-1",5.99880048529169,1.55972580714398
"CAGCACGAGCGTGCCT-1",-1.86212471230963,-1.15580816464252
"CAGCACGAGCTCTATG-1",-3.66926053269842,-3.60975392060107
"CAGCACGGTCATGACT-1",-4.22320821984747,-1.61671693520373
"CAGCACGTCCTCACGT-1",-1.97820952638128,-1.54339225487537
"CAGCACGTCTGGTCAA-1",-3.32252267106512,-1.90306432442493
"CAGCACGTCTTCGATT-1",-2.05331197484472,1.19765620036298
"CAGCAGCAGACTGAGC-1",-2.41283729775885,-1.82865519718951
"CAGCAGCTCACCTGGG-1",-2.52830174668768,2.54818098349744
"CAGCAGCTCTACTATC-1",-3.23693469270209,-2.69174106316394
"CAGCCAGAGAATCGTA-1",2.33773180738947,1.67111401362592
"CAGCCAGAGTCATGGG-1",-0.10076301462093,-2.77193815903491
"CAGCCAGGTATCGCAT-1",0.828973679700106,3.79524318976575
"CAGCCAGGTGAGTTTC-1",3.83248039976618,4.22594897551709
"CAGCGTGAGATAACAC-1",0.381448118844241,3.33383600516492
"CAGCGTGAGGCATCAG-1",1.48798689142725,4.28712050719434
"CAGCGTGAGTATAGGT-1",1.25418206945917,1.52180402083569
"CAGCGTGAGTTTGGCT-1",0.109556629219263,1.86703126235181
"CAGCGTGCACTTACAG-1",2.54007288710138,4.61481492324048
"CAGCGTGGTTGCATCA-1",-0.904456705889494,-2.04335458473987
"CAGGCCAAGAGCTGCA-1",-5.93857315286139,-0.821338786647979
"CAGGCCAAGGACAAGA-1",5.34953853384516,-0.508322848842803
"CAGGCCAAGGCCCGTT-1",-1.39784768327215,-2.68078429894275
"CAGGCCAGTAGCTTGT-1",-5.54567507012823,-0.909694566295806
"CAGGCCAGTATCTCGA-1",0.892525642075747,-3.21646673874683
"CAGGCCAGTGAATGTA-1",-1.7688952992771,-2.67341072754687
"CAGGCCAGTTCAGCTA-1",-2.80315616830328,-1.65020735459155
"CAGGCCATCAAACGTC-1",5.72165176168939,-0.79485316471881
"CAGGCCATCGTCCTCA-1",-0.186926123789341,-4.71718199448413
"CAGGGCTTCTAAGCGT-1",-0.137181872139514,1.29358665747815
"CAGGTATCACGACGTC-1",0.436195223489016,-4.68764670090503
"CAGGTATGTACTGTTG-1",5.627041547456,-0.839589669273559
"CAGGTATTCTCAGAAC-1",4.40224000708124,1.79830043120557
"CAGTGCGAGCATCTTG-1",0.974825112977236,-2.76986439423389
"CAGTGCGAGCATTGAA-1",-5.6987321685169,-0.403451545999709
"CAGTGCGCATGCCGGT-1",-0.735097498736173,-3.99071295456714
"CAGTGCGGTACGACTT-1",0.90179166094324,3.12702553076917
"CAGTGCGTCTCTCCGA-1",3.51538416639826,2.85730044646436
"CAGTTAGAGCGGGTTA-1",-2.66250327332953,-2.73326499657458
"CAGTTAGCAGTGTGCC-1",1.02501103178522,2.45867864890271
"CAGTTAGTCCGAGTGC-1",0.278890042462557,-4.89611990647143
"CAGTTCCCAAATCGGG-1",0.13072916761896,-4.85364086823291
"CAGTTCCGTAGGTTTC-1",4.376646726289,1.86093489928418
"CAGTTCCTCAATCCGA-1",-1.6510026763294,-3.666924788521
"CAGTTCCTCTAGATCG-1",-0.0812648284349743,-1.84958346085376
"CAGTTCCTCTAGCCAA-1",-1.88522461160162,-3.99722750382251
"CATAAGCAGAGCATCG-1",-0.17988560824731,-5.02195389466113
"CATAAGCCACAAGCCC-1",0.0330586572076973,-5.48925574021167
"CATAAGCGTACAGCGA-1",-1.81473353608587,0.0735477331119144
"CATAAGCGTGCTTCAA-1",-0.949618668398649,-2.29486735062427
"CATACAGAGAGTACCG-1",2.9266795803692,5.20850913329297
"CATACAGAGCACACAG-1",-3.00718715890387,-0.65751095013446
"CATACAGAGTGGTTAA-1",-0.591033698162824,-3.97568066315478
"CATACAGCAAGAGTAT-1",2.77379032866022,4.3207895020979
"CATACAGCAATCGCAT-1",-0.371393875322134,-4.00036127762622
"CATACAGTCAGACAAA-1",1.80426987902185,5.09185902877026
"CATACAGTCGACGCTG-1",-1.85662952168921,1.01886080308133
"CATACAGTCTGACCCT-1",0.696719675221651,2.8514246205824
"CATACAGTCTTTGCGC-1",-3.52794531091192,-2.92071135239429
"CATACCCAGAGGTCAC-1",-3.27383878930548,-2.98683889107532
"CATACCCTCTCAATCT-1",-2.44263485177496,1.20258657736951
"CATACTTAGATGCTGG-1",-2.37385490640143,0.951658056213197
"CATACTTAGCTAAACA-1",3.15210172430536,2.59139506621533
"CATACTTAGGAGAGTA-1",2.63130399481317,5.18697945876294
"CATACTTGTAACATGA-1",-1.39781239732245,3.0795671205061
"CATACTTGTCGCAACC-1",0.914235203423708,3.69191353125745
"CATACTTTCGCATGAT-1",-0.667116494021207,-3.77688176827258
"CATAGACCAACTGCTA-1",-0.58911433919409,-4.9802792807085
"CATAGACCAACTTCTT-1",-5.96973446114996,-1.45789785580463
"CATAGACGTTTCGTGA-1",0.628059713998049,-3.98200400070972
"CATAGACTCTCGGCTT-1",3.84355923429987,0.765159235431489
"CATCAAGAGCCGTCGT-1",-1.38990894063452,-0.867235495613281
"CATCCACAGCTTCTAG-1",-2.56945493920782,2.65970842642957
"CATCCACAGTAATACG-1",-1.29262283547857,-4.69942696289844
"CATCCACCAAGTCCCG-1",-1.27366784318426,1.49934952063733
"CATCCACCACCAGTAT-1",0.41451081530115,3.74317853255444
"CATCCACGTAGTGATA-1",-0.412975610337049,-4.08632214264697
"CATCCACGTCCGAAGA-1",-1.87001124127844,-2.5739699144823
"CATCCACGTCTTTCAT-1",-2.26510456307867,1.87410788340741
"CATCCCAAGACGTCCC-1",2.23863407866022,1.95931010050946
"CATCCCACAGGCTCTG-1",-3.31548431619147,-2.8173826475603
"CATCCCAGTTAAGTCC-1",4.3784629990246,1.68100564284497
"CATCCCATCAACTCTT-1",2.26049420134088,4.91323964400464
"CATCCCATCCTATTTG-1",4.54305478827021,1.06387655539685
"CATCCGTAGGTTGTTC-1",4.42328283087274,-0.166255920098487
"CATCCGTCACACAGCC-1",-2.82574108346441,-1.13897605137653
"CATCCGTCACTTACAG-1",-2.23321512444952,0.630296097232636
"CATCCGTCAGGCGAAT-1",-2.59380892022589,2.17973153395825
"CATCCGTGTGTACAGG-1",-1.7803869555805,3.1679939488905
"CATCGCTAGAAGGGAT-1",-5.57817199929693,-1.18303067879504
"CATCGCTAGGAACTCG-1",-2.29054311021307,2.61004011435681
"CATCGCTAGTGCCAGA-1",2.54858991400263,2.41219179434949
"CATCGCTCATAGTCGT-1",-2.21775296433905,0.571803138686951
"CATCGCTTCTGAGAGG-1",2.36206170813104,2.21436326308423
"CATCGGGAGTCAATCC-1",3.49285671011469,3.705380604698
"CATCGGGAGTGCCCGT-1",0.781410842099398,-4.22970040039844
"CATCGGGCACGCAAAG-1",-1.18847456677893,-4.2601316709978
"CATCGGGCAGCTGAAG-1",0.108310579219073,-1.88513584332294
"CATCGGGGTGAGACGT-1",-2.18680027230719,-1.57698376374072
"CATCGGGTCGAGAAAT-1",5.77035829321405,-0.73785956101245
"CATCGTCCAACCGTGC-1",1.93746468321344,3.36119119925671
"CATCGTCCAGCATACT-1",0.699401765027254,2.90680067343884
"CATCGTCCAGCGTTGC-1",-0.918423564276487,-4.22391016678638
"CATCGTCTCACAGAGG-1",-1.53729775651434,-3.12211711602039
"CATGAGTAGGATACGC-1",2.59058496252558,1.89944248004132
"CATGAGTCAAATGGAT-1",5.49175521627924,1.06385903163129
"CATGAGTCAATAGAGT-1",1.70278307692072,2.78039233489209
"CATGAGTGTTTGGGTT-1",1.78069350019953,2.29216830535107
"CATGAGTTCTATTGTC-1",-1.62766292794684,-4.22777207093066
"CATGCAAAGAGGCGGA-1",0.284922866978854,-2.65963609413928
"CATGCAACATCCGATA-1",-4.06303885682562,-2.10516102509326
"CATGCAAGTCGAGTGA-1",-1.14962592824438,2.07766907019788
"CATGCAATCTATGCCC-1",3.42181655661127,3.24521438880139
"CATGCCTCAGAGTTGG-1",2.53190275923273,2.57582776351148
"CATGCCTCAGCTTCGG-1",-0.864715249380857,-1.88082678513354
"CATGCCTGTGCATTAC-1",-0.504112334093839,-5.08311541275806
"CATGCCTGTGTTAACC-1",1.22404369608423,3.3623892526167
"CATGCCTTCACGGGCT-1",-2.2375665019367,2.85888950629407
"CATGCCTTCCCTCATG-1",-1.5142007182453,2.88442532820874
"CATGCGGAGTCCTGTA-1",-1.93335011704901,-2.47149236397571
"CATGCGGGTACTGCCG-1",2.62315627829096,3.94615094466382
"CATGCGGGTAGAGATT-1",0.986827700295657,2.6394397477644
"CATGCGGTCACCATCC-1",3.82032725111505,4.07309930129224
"CATGCGGTCGTGTCAA-1",-0.420890332302839,2.4607984284895
"CATGGATCACCCATAA-1",4.70293256536981,0.577885375453767
"CATGGATCACGACAGA-1",-0.613585592350751,-1.41885812477893
"CATGGATGTGCATGTT-1",-1.55067601903418,1.34094326300794
"CATGGATTCCCGAGGT-1",-0.472526819548399,-4.33390457825488
"CATGGTAAGGAGTCTG-1",3.75316807524225,2.98085419936353
"CATGGTAAGGTAGGCT-1",1.96716543928644,3.24818150801831
"CATGGTACAACCTATG-1",-5.01505258782843,-1.05333013729877
"CATGGTACAAGTGACG-1",-1.60393861039618,-1.65494485096759
"CATGGTACAGGTGAGT-1",4.24076148764154,-0.612446202800933
"CATGGTACATCGTGGC-1",2.18469306723139,3.96642844481641
"CATGGTAGTCACTAGT-1",-1.62765827878454,-1.97908742623157
"CATGGTAGTGAGCGAT-1",-0.566161573967725,0.60478906436139
"CATTCATAGAGTTGTA-1",-2.35949733956793,0.175366149379548
"CATTCATAGGATGTTA-1",-1.15611019834021,-2.78243644432849
"CATTCATCAGTTGTTG-1",4.6313869644787,-0.787064685390655
"CATTCATGTACTCAAC-1",0.0306645323421654,-4.20037443833179
"CATTCCGAGCACGATG-1",-5.15626266702154,-1.01004739003009
"CATTCCGAGGTCATCT-1",0.51031342045328,0.705690966083344
"CATTCCGAGTCATAGA-1",5.33513471380731,0.628109679652985
"CATTCCGAGTCGAATA-1",-2.40447405084112,0.792428598834809
"CATTCCGCACGTTCGG-1",-1.307355434737,1.29835717482739
"CATTCCGCAGGGCTTC-1",2.68439409033319,3.50896804137402
"CATTGAGAGATAACGT-1",-1.55079367860296,-4.19759161667651
"CATTGAGAGCAGGTCA-1",3.82806488768122,4.31464688582593
"CATTGAGAGGGCAGAG-1",-2.27981212838629,-1.31411452488727
"CATTGAGAGTGCTAGG-1",1.03167113558313,-3.3193369646532
"CATTGAGCAATGGCAG-1",-2.16204694016913,-0.221198513076965
"CATTGAGCAGAGTGTG-1",-0.219058395466596,-3.97052891449756
"CATTGAGTCATGGAGG-1",2.7246691872265,0.102167257203397
"CATTGAGTCTTTCCGG-1",3.98227903143427,0.965574787093934
"CATTGCCCAAGTATAG-1",-1.64424911244848,-1.04079849915332
"CATTGCCCAAGTGCAG-1",-1.77565398915747,2.1767796735304
"CATTGCCCAGACCTAT-1",1.10924813047907,4.41175620360547
"CATTGCCGTACAGTTC-1",-5.89054039224127,-0.709097756908599
"CATTGCCGTACCCGAC-1",4.41678544775507,1.10597591204816
"CATTGCCGTCACCACG-1",-1.22977295621374,2.66930453581982
"CATTGCCTCAGTCAGT-1",-0.492322475752622,1.22800783915692
"CATTGCCTCCACGTGG-1",-0.276379526695997,0.920317099525269
"CATTGTTAGATCCGAG-1",0.664468794026583,-3.95423538880176
"CATTGTTAGATGTTCC-1",3.19814965025446,4.56446854872876
"CATTGTTAGTGCTCAT-1",-6.17697504266241,-1.04255588249988
"CATTGTTGTAGATTGA-1",-0.0141103203509155,-5.1732085485918
"CATTGTTGTTTAGAGA-1",1.07925888792536,-3.88926632599658
"CATTTCAAGAATAACC-1",3.14567991987726,1.84047763152295
"CATTTCACATGAATAG-1",3.14303323523065,4.53323285384351
"CATTTCAGTCGATTTG-1",3.67321964994928,2.88011400504285
"CATTTCAGTTGTAAAG-1",-1.76202550633886,-0.170624106095496
"CCAAGCGCAGGGACTA-1",-0.298946694574148,1.36841301722699
"CCAAGCGCATCCAATG-1",6.30974218145868,0.839480445815858
"CCAAGCGCATGACTCA-1",5.87131997839472,-0.175883858369056
"CCAAGCGTCCACGTGG-1",-1.59892955525854,0.986990199519929
"CCAATGACAATTCACG-1",-1.23305872186163,-3.5608342428667
"CCAATGAGTCACTAGT-1",1.10568174616358,4.12959735198193
"CCAATGATCTCGGTAA-1",-2.38159516557196,-1.03613705830402
"CCAATGATCTGAGGCC-1",-4.87348821862677,-0.767166330383483
"CCAATTTCAGCGCTTG-1",4.93133279577753,0.689610765411195
"CCAATTTCATACAGCT-1",5.71881648794672,0.837946520282563
"CCAATTTGTGACTCGC-1",2.35186406866571,4.07318799300366
"CCAATTTTCTTGATTC-1",-3.3881168673847,-3.26249988274402
"CCACAAAAGGGTACGT-1",-2.44900229676703,-0.023985653088752
"CCACAAACAGCCATTA-1",-3.94338944657782,-3.94665534691638
"CCACAAAGTCATCTAG-1",-3.5545637915943,-3.52389700608081
"CCACAAATCAGGCGAA-1",0.624630479970187,-2.50305373864001
"CCACACTAGTGATAGT-1",-3.85040667756537,-4.0502551336748
"CCACACTCAGCGGTCT-1",0.401937811532229,0.814639077617463
"CCACACTGTACCAATC-1",6.2652399231579,0.268193469478425
"CCACACTGTCAAATCC-1",0.0690684606220421,-4.65660603241748
"CCACACTGTGTTGACT-1",3.64673492208978,0.273425639702615
"CCACCATGTACGACAG-1",5.12399503485224,0.82116119666272
"CCACCATGTTAGAGTA-1",-1.07362529738882,-4.64948780731982
"CCACGAGAGGAGAGGC-1",2.36932274595758,2.40065972609692
"CCACGAGCAGACACAG-1",-3.30196121438482,-3.10751087860889
"CCACGAGCATGGCCCA-1",4.49003097311518,0.0305944840448463
"CCACGAGGTCCTCAGG-1",-1.09094289048651,-0.411540969179336
"CCACGAGGTGTTGACT-1",5.77299901739618,-0.0806451429588234
"CCACGAGTCATTGCTT-1",-5.3895018409107,-0.430867179201309
"CCACGAGTCGGTCTGG-1",-0.763102562269956,-3.30544693665332
"CCACGTTCAATTGCAC-1",-5.14360645516852,-2.21604211525745
"CCACGTTCACCTCTAC-1",0.469950168290347,3.57406298918897
"CCACGTTCACCTCTGT-1",-1.58058360322455,-2.47437770561999
"CCACGTTGTCACCCTT-1",-1.39706972344854,-0.342183663414184
"CCACGTTGTGACATCT-1",3.40585419432184,2.42982237143689
"CCACTTGAGTATAACG-1",4.87798806921503,2.15121476454907
"CCACTTGCACGGTAGA-1",2.71208545462152,3.33117239279919
"CCACTTGCAGGCCCTA-1",-2.60528281434515,-0.391375913189117
"CCACTTGCATAGAATG-1",0.856171279111117,3.06869880957776
"CCACTTGGTAACTTCG-1",-2.35609725221136,1.9218808869856
"CCACTTGGTCGCACAC-1",0.907131521859377,-4.87547619538135
"CCACTTGGTTCGTGCG-1",2.22145530478021,4.89179580016309
"CCATAAGAGAAGCGGG-1",-1.62476948007086,1.70245222850018
"CCATAAGAGACTTAAG-1",-2.0087657283161,-1.15910048680133
"CCATAAGTCGGAGTAG-1",-0.534466774306089,-4.60082943634814
"CCATCACAGGTAGTCG-1",0.924612491288393,-2.43380530075854
"CCATCACCAGTAGTGG-1",-2.24121335252264,1.42335800929242
"CCATCACTCGAGTTGT-1",-4.04471567376593,-0.978147580192748
"CCATCACTCTGGCCTT-1",-2.01977983220556,1.87577276034528
"CCCAACTGTTGAATCC-1",0.0399269749309716,-3.20354278282947
"CCCATTGCACCAGCGT-1",-4.18460109933355,-2.08181865410632
"CCCATTGCACGCGCTA-1",-2.28833010896185,0.86357413335019
"CCCATTGGTGTTACAC-1",3.75543638960382,3.87128417296582
"CCCATTGTCTGGTTGA-1",2.37301418081781,4.57517974181348
"CCCGAAGCATAATGAG-1",-0.427690626225263,1.42831365866834
"CCCGGAAAGTGACACG-1",-0.901831598124296,-2.05648858742541
"CCCGGAACAGTATGAA-1",3.54477736250421,3.89636103911572
"CCCGGAACATTGACTG-1",-2.55535248025397,-2.41069133477039
"CCCGGAATCCACTAGA-1",2.2943873097088,2.54996506972485
"CCCGGAATCTATGCCC-1",-1.86222103341559,-1.24924023346728
"CCCGGAATCTATGTGG-1",-1.69457247956732,2.87131612105542
"CCCTAACAGAACAGGA-1",6.06630775228998,0.134394832982358
"CCCTAACTCAAGGAGC-1",-0.876566798529417,1.48344032569104
"CCCTAACTCCTGGTCT-1",3.41488978163263,4.72831313414746
"CCCTAACTCTTACTGT-1",-2.09369173749426,-0.0547659461361802
"CCCTCAAAGCGCCATC-1",1.56819841162226,4.60317532820874
"CCCTCAAAGGTCACAG-1",-2.0446714471195,-0.245217694805328
"CCCTCAAAGGTGCGAT-1",-5.85328367455938,-1.42874629692859
"CCCTCAAAGTGCCCGT-1",-1.37987962468603,2.54111759467297
"CCCTCAAAGTGGTTGG-1",5.42094203726313,1.5384785394209
"CCCTCAACATCGTGCG-1",-1.69463291867712,-3.58956105904407
"CCCTCAAGTGACTCGC-1",-1.39133218034247,2.35626499457532
"CCCTCAAGTGAGCAGT-1",-3.95362523301581,-3.93940766053027
"CCCTCAAGTGCCTGCA-1",-1.25432279809454,-1.73797912792987
"CCCTCTCCAAGATTGA-1",-0.706203193506986,-1.68317396836108
"CCCTCTCCACACCTAA-1",-5.5328295539234,-1.84437830643481
"CCCTCTCCACGGATCC-1",0.690005629220217,1.17194835944348
"CCCTCTCTCCGCAAAT-1",-1.77327874406317,-2.48058421807117
"CCCTCTCTCGCCTTGT-1",-5.81580093606451,-0.368556841180984
"CCCTCTCTCGTTCTCG-1",-2.91457727654913,-2.2892118235094
"CCCTCTCTCTCACTCG-1",-1.46762147649267,-4.73532803253955
"CCCTCTCTCTTGCGCT-1",-1.53125920995215,1.81665019793683
"CCCTGATAGATGGCGT-1",-1.000011415324,-0.876324548290435
"CCCTGATCAACAGCTT-1",-1.92097213967779,2.2830640534895
"CCCTGATGTCGAGCAA-1",-0.280488968930036,2.10117904944592
"CCCTGATGTGCAACAG-1",-3.81029132112005,-3.32339914040393
"CCCTGATTCGCGTGAC-1",-1.79152360661963,1.56732659144574
"CCCTGATTCGGTAACT-1",0.0104699571516213,1.09096066756421
"CCCTTAGAGGGCGAGA-1",3.98911401525995,0.926928804351624
"CCCTTAGCACGAGAAC-1",-2.12102261289099,-2.65736825661487
"CCCTTAGCACGTGTGC-1",2.46243807570001,1.89630954070264
"CCCTTAGCAGAAGCTG-1",0.623949437298983,-2.07934124665088
"CCCTTAGGTACCTATG-1",0.0736172188903984,-3.32241399483508
"CCCTTAGGTGAGTGAC-1",-0.550856323084623,0.376273230745133
"CCGAACGAGACAAGCC-1",-1.58660450681189,1.57499890132123
"CCGAACGCAAGTTCGT-1",3.24503275648615,5.12819258971387
"CCGAACGGTAGGGTAC-1",2.90394016996881,4.8417536477583
"CCGAACGGTTGGTAGG-1",5.12289830938837,1.66404990954572
"CCGAACGTCGATGCAT-1",-0.544274271569044,0.468434826566514
"CCGATCTAGAAGCTGC-1",-4.45343855126837,-0.889022900627319
"CCGATCTAGCGGGTAT-1",-0.762767882189542,-3.95550091461963
"CCGATCTCATAGGAGC-1",-1.45431497796515,-0.999690248535339
"CCGATGGAGACTACGG-1",-2.92976167901495,0.594758854343232
"CCGATGGAGCATGATA-1",2.68043896452448,0.155688592328366
"CCGATGGCATGTTACG-1",-1.69686153634527,-1.86909063057727
"CCGATGGGTGCTGATT-1",-1.29563656552771,1.89622645182782
"CCGATGGTCAACGTGT-1",-0.225944423219949,-5.03773815827197
"CCGCAAGCAGTCTCTC-1",1.64169272676966,2.8080257634657
"CCGCAAGCATGACTAC-1",-2.06030288442114,1.06205003066235
"CCGCAAGGTATGTCTG-1",2.27875110403559,2.64172403617078
"CCGCAAGTCAAACGAA-1",-2.78412845834234,-1.51182146267718
"CCGGACAAGGAACATT-1",2.39639350668451,1.65025286479169
"CCGGACAGTTGTGGCC-1",0.713351218857973,-4.40128643708057
"CCGGACATCAACACCA-1",-1.6910474608753,-2.54707653717822
"CCGGACATCAGCGCAC-1",-2.83936670526007,-0.48002983527011
"CCGGACATCTCTATGT-1",0.934818952241152,-2.89527185158557
"CCGGACATCTTCCCAG-1",3.6683468510296,4.94263331694775
"CCGGGTACACAGCCTG-1",3.16764113203546,3.90774194998914
"CCGGGTACAGCCTACG-1",0.749308674493044,-3.28989489273852
"CCGGGTACATCATCTT-1",3.72187253729364,0.933638201190766
"CCGGGTATCCTCGATC-1",-2.49832752450445,1.99355141921216
"CCGGTAGCAGGACAGT-1",-5.78258732064703,0.00909566609435915
"CCGGTAGCATTGTACG-1",-0.440157831749708,-2.58311612801379
"CCGGTAGGTCGTTTCC-1",-4.510072023711,-0.425351395176116
"CCGGTAGTCAGGGTAG-1",-0.815320164999754,-4.05079777436084
"CCGGTGAAGACCATTC-1",-0.321040869793684,-4.16964609818286
"CCGGTGACAAGTTCGT-1",1.70175382391474,2.56169335646802
"CCGGTGACAGACTCTA-1",-2.45967009767035,-1.31347246365375
"CCGGTGACATACAGAA-1",1.56823393599054,2.39388077063733
"CCGGTGAGTAAGACCG-1",-0.634024054846555,0.419344143106278
"CCGGTGAGTCTGTGTA-1",1.32364007727167,3.8035787801283
"CCGTAGGAGCGTATGG-1",1.00345131651422,2.35430710120374
"CCGTAGGAGTGATAGT-1",-5.78777101739386,-0.21805570916957
"CCGTAGGCAGTTGCGC-1",3.0518974949505,2.47878758711987
"CCGTAGGGTGCTATTG-1",-0.58197498424986,-0.524464978740874
"CCGTAGGTCCGATGCG-1",-2.6758685420368,-2.81031496720142
"CCGTGAGAGTGCAAAT-1",6.05811235205194,0.95595876975232
"CCGTGAGCATTACTCT-1",-1.97183719380835,-1.75126524166888
"CCGTGAGGTGGTTTAC-1",-5.38805368646124,-0.576977326439086
"CCGTGAGGTTGAGGAC-1",3.0930466343548,3.38244311614209
"CCGTGAGTCAGCTGAT-1",-1.0389935086582,-2.49861104683704
"CCGTGAGTCATATGGC-1",3.32567116514704,2.91766469283276
"CCGTGAGTCCAGTGTA-1",0.375583796658724,3.36909692092114
"CCGTGAGTCGTACCTC-1",1.46136185423395,3.57381145758801
"CCGTTCAAGACATCCT-1",-2.2416005442951,1.37943486972028
"CCGTTCAAGCGTGCTC-1",-2.20690205796698,-1.08200354771442
"CCGTTCAAGGATCACG-1",-0.351094246945173,-3.41885717110461
"CCGTTCACAAACACGG-1",-0.902242989382536,2.22561256690198
"CCGTTCAGTCGCCTAG-1",-0.177147184601814,-4.54635698990649
"CCGTTCAGTCGTATGT-1",-0.0744225206885639,-1.73914535240955
"CCGTTCAGTTGCAACT-1",-0.0824104371581379,2.79923646254712
"CCGTTCATCCAACCAA-1",1.19682869211695,4.7552286843794
"CCGTTCATCGTAATGC-1",2.32175513998529,3.17352716727429
"CCGTTCATCTTTCCGG-1",-5.56864574655035,-0.306814446018401
"CCTAACCCAAAGCAAT-1",-2.72951367600897,-3.5358029146654
"CCTAACCTCCAACCGG-1",1.87359520689508,3.70672170920544
"CCTAACCTCGCTTGAA-1",-1.99654474957922,1.98707299037152
"CCTAAGACAAGTCGTT-1",-0.788556129774839,-4.80401117996997
"CCTAAGAGTCACTGAT-1",-0.841003150782377,-3.72411401467151
"CCTAAGAGTGGTCTAT-1",-2.125928075156,2.91560380263501
"CCTAAGATCTACACTT-1",0.772774546303957,3.59135358138257
"CCTACGTAGAAGGATG-1",0.709698944249361,3.61787693305188
"CCTACGTCAACTAGAA-1",1.64184328810236,1.35433845324689
"CCTACGTGTACTAGCT-1",0.751730470814913,-4.18278629975146
"CCTACGTTCCATCTAT-1",2.17111512915155,5.20411174102002
"CCTATCGAGCATGGGT-1",5.56970187918207,0.170384832753476
"CCTATCGAGGTCCTGC-1",-4.46690109475592,-1.23971481518573
"CCTATCGCAAGGCCTC-1",-4.17755392297247,-2.44472582535571
"CCTATCGCAGAGACTG-1",-5.73363426431158,-0.761434151695434
"CCTATCGCAGTTGGTT-1",-5.59372261270025,-1.89652354912585
"CCTATCGGTGAATAAC-1",-0.707326681456358,-4.39325936035937
"CCTATCGGTGTGAATA-1",0.240293531575411,-5.52378113465137
"CCTCAACAGTCGGCCT-1",-4.20326212151983,-1.99580915169543
"CCTCAACGTCCACGCA-1",-2.43434599145392,0.0918402793841922
"CCTCAACGTCGTGTTA-1",1.0479285408642,-4.51989538864917
"CCTCAACGTGTAAATG-1",-2.50207737191656,-1.25219125943011
"CCTCAACTCATTGCCC-1",-2.32611635430792,-2.31821901993579
"CCTCAACTCTCCGCAT-1",3.75641581312677,3.68568436904126
"CCTCACACAAGTTCCA-1",-0.411245078882963,-2.34491307930774
"CCTCACACAGACACAG-1",-2.21287658914068,2.51987545294934
"CCTCACACAGAGGAAA-1",-3.49304559930304,-1.54861433701343
"CCTCACAGTCAGATTC-1",-0.733513028464109,1.64045660300427
"CCTCACATCGGAATGG-1",2.42921492353937,3.05706279082471
"CCTCACATCGTGGACC-1",-1.99213424428442,2.17927090926343
"CCTCAGTCAATTTCGG-1",-1.99210980638006,2.05410020156079
"CCTCAGTGTCCTCATC-1",-1.21686568959692,-3.13208277420825
"CCTCAGTGTGATGTAA-1",-0.814373881659299,1.90572159094983
"CCTCAGTTCACCGGGT-1",5.77064964071772,0.894883737994965
"CCTCAGTTCTGGCCTT-1",-2.74388292535284,0.355455116464432
"CCTCATGAGAATCTAG-1",2.75389978186151,5.26001231475049
"CCTCATGCAGACACCC-1",-4.09459403260687,-2.6339371939165
"CCTCATGCATCGGCCA-1",5.43343755499384,0.192682803704079
"CCTCATGGTCCGTTTC-1",-2.18198993905523,0.341658965780076
"CCTCATGGTGGACTAG-1",5.43673917547724,1.81863658232861
"CCTCATGGTTGAGGAC-1",-5.18732527001837,-1.98753602700061
"CCTCATGTCAAGCTTG-1",-0.791426212630064,-4.46180041031665
"CCTCATGTCGACCATA-1",-1.21356621488073,-1.00007994370288
"CCTCCAAAGTATGGAT-1",1.92072507635614,3.35476534171277
"CCTCCAACACATCATG-1",-5.69327619775274,-0.788374735878173
"CCTCCAATCCCTATTA-1",3.00682517782709,4.30862633986646
"CCTCCAATCGTCGACG-1",1.1223138262417,3.42787067694836
"CCTCCAATCTGATTCT-1",-1.17507174714544,-2.4952607889635
"CCTCCAATCTTCTGGC-1",-3.66074040635565,-1.6983401318056
"CCTCCTCAGATGCTTC-1",5.16612598196527,0.773528442813691
"CCTCCTCCAGCCATTA-1",-2.1996927569721,3.18676249785596
"CCTCCTCTCACTGCTC-1",-2.73609736665228,0.584635661079224
"CCTCTAGAGAGTAACT-1",-1.39439717038611,-1.58106656269855
"CCTCTAGAGGTATAGT-1",-1.00734046205023,-4.32826311783618
"CCTCTAGCATTCTGTT-1",-0.763187439284116,2.48575346274548
"CCTCTAGGTTCAGCTA-1",0.714343278565615,-1.98613388733691
"CCTCTAGGTTCGGCTG-1",-0.21528288080433,1.26397399707013
"CCTCTCCCACAATGTC-1",-5.43617418511847,-2.20586784081287
"CCTCTCCGTAACGGTG-1",-3.61007097466925,-2.39961631493396
"CCTCTCCTCTGTGCAA-1",-4.02600243791083,-2.46439464287585
"CCTGCATAGCAATTCC-1",3.74148484961054,4.27279774947339
"CCTGCATGTAGTTCCA-1",-3.32520726426581,-2.2239259024126
"CCTGCATTCCGAGGCT-1",4.61451169744989,2.4500676850813
"CCTGTTGCAACCACGC-1",1.56813761488458,2.62620918555432
"CCTGTTGCAATGACCT-1",6.13838788763544,1.46073024077588
"CCTGTTGCACAATGTC-1",3.5717539478924,-0.0903592695457375
"CCTGTTGGTACAAGCG-1",-3.49229028924444,-1.13082702355212
"CCTGTTGGTCAAAGTA-1",-1.69864514573553,0.570392356349763
"CCTGTTGTCACGGACC-1",-4.87480619653204,-0.13615015046424
"CCTTCAGAGCTGCCTG-1",3.0334295918133,-0.133073775933448
"CCTTCAGAGTAAACTG-1",1.39965543047449,4.97810380263501
"CCTTCAGAGTTACGTC-1",1.82050570742151,4.43204228682691
"CCTTCAGCACCGTGCA-1",-2.18030265077093,1.96373848719769
"CCTTCAGGTGTCCGGT-1",1.21932372347376,2.25871341033154
"CCTTCAGTCACGGAGA-1",2.72451659933588,1.6767727593916
"CCTTCAGTCATCAGTG-1",5.38545676962397,0.475409493877228
"CCTTCAGTCCACGGGT-1",-2.41214016183355,0.83442454142743
"CCTTCAGTCCGTTGGG-1",1.10273679987451,3.5646061162489
"CCTTGTGAGGATTTAG-1",-1.87364247544745,-2.31655628876514
"CCTTGTGGTAGGGTAC-1",-1.11231520875433,1.9459959725874
"CCTTGTGGTGCAGGAT-1",-1.27819004758337,2.29301302237683
"CCTTGTGTCGCCACTT-1",0.501571982064455,1.430402920677
"CCTTTGGAGATTCGCT-1",1.52026662127039,2.06103865904981
"CCTTTGGAGGCCTGAA-1",4.75863906637689,-0.831772341297332
"CCTTTGGAGGCTTAAA-1",-0.46521547540167,-2.87359340386218
"CCTTTGGCACGGCACT-1",-4.52627447350958,-1.71114022927112
"CCTTTGGGTACTGAGG-1",-4.59435632928351,-0.892592682407562
"CCTTTGGGTGGTCCGT-1",2.73413202063104,3.86694328589612
"CCTTTGGGTTCGAACT-1",1.09961649672052,4.530584977104
"CCTTTGGTCCACAGCG-1",0.0169143666412529,-4.4144867201311
"CCTTTGGTCCCGTGTT-1",-2.9381406615589,-1.84277649121112
"CCTTTGGTCGGTGAAG-1",-0.792900950751096,-1.406400396393
"CCTTTGGTCTTAGCAG-1",-6.10481622918585,-0.829016460941497
"CGAAGGAAGAGAGTGA-1",3.53143164412042,4.22748772902661
"CGAAGGAGTCCACAGC-1",-1.2322992394779,-3.87825877861804
"CGAAGGAGTTGGTGTT-1",-0.918931991896421,1.33819143576794
"CGAAGGATCCTCTCGA-1",-1.26571503385046,-1.30573530392474
"CGAAGGATCTACTTCA-1",-2.49652150376776,1.37886659903699
"CGAAGTTAGCAGGCTA-1",3.88459178701898,1.00183914704495
"CGAAGTTGTATCCTCC-1",3.75154206053278,4.80130831999951
"CGAAGTTTCTGCAGCG-1",3.20281264082453,2.58980886740857
"CGAATTGAGTACAGCG-1",-1.53032687409857,-1.28591330246753
"CGAATTGAGTGTAGAT-1",-2.67162445291022,-1.96454031662768
"CGAATTGAGTGTAGTA-1",0.598946004071444,0.723709748222169
"CGAATTGCAGGTAGTG-1",2.06287404791376,2.98002974791699
"CGAATTGTCAAGCCAT-1",0.257173447766512,0.32541780276471
"CGAATTGTCTTCCCAG-1",-1.67466619714239,1.46030406756574
"CGACAGCAGCTACAAA-1",-1.96382287248114,0.863139853908356
"CGACAGCCACCCAACG-1",-6.03533724053839,-1.11554129319018
"CGACAGCCACTTGACA-1",-0.397348047337324,-2.13565023140735
"CGACAGCCAGTCCCGA-1",0.770765988984316,4.20002286238843
"CGAGAAGAGGTCGTCC-1",1.20789822832605,3.31103460593396
"CGAGAAGCATCATTTC-1",-1.03967204793432,-2.91053302483386
"CGAGGAAAGAACTCCT-1",0.493360428967684,1.14133600993329
"CGAGGAAAGCGATGCA-1",-0.452489377102644,-4.21726353363818
"CGAGGAAAGTAGGAAG-1",3.73683640257379,4.24467961592847
"CGAGGCTAGGAGGGTG-1",-2.42576101525763,-2.0259426374895
"CGAGGCTCAATAGGAT-1",0.543853490510195,-3.39953358368701
"CGAGGCTCACGCGGTT-1",-1.87228623136023,-1.22403235630817
"CGAGGCTGTACCCACG-1",5.10813352362177,0.196269453598794
"CGAGGCTGTTCAACGT-1",6.14109823004267,0.990576253368195
"CGAGGCTTCTTCGGTC-1",1.82052764193079,4.43142669005567
"CGAGTGCGTACAGAAT-1",-2.01439145310858,2.3787626485365
"CGAGTGCGTCCTTGTC-1",-1.26189234956244,-2.94636519150561
"CGAGTGCGTTGCTCAA-1",-0.338660121998579,-1.15764136509723
"CGAGTGCGTTGGGTTT-1",2.06896731153986,2.01553742690259
"CGAGTGCTCGGTAGGA-1",-5.28449657662848,-0.256819679306213
"CGAGTTAAGTGCAACG-1",-0.798754484495908,0.469104156925019
"CGAGTTACACCATATG-1",-2.94932130082586,-3.47141654686755
"CGAGTTACAGTCCCGA-1",6.14085313574335,1.04736022753888
"CGAGTTACATCGCTCT-1",0.616193263688296,-2.53075559334582
"CGAGTTAGTAGTCCTA-1",-3.97604325517157,-2.50650055603809
"CGATCGGAGCGTGAGT-1",-3.4100358794544,-3.08650286392993
"CGATCGGAGTCGCTAT-1",-2.55855062707403,2.00104408068829
"CGATCGGCAGGTGTGA-1",-1.15936115487555,-3.72555740074939
"CGATCGGCATACCGTA-1",-0.178969108602792,-1.21257050232715
"CGATCGGGTATCGCTA-1",-0.541369737229139,1.48280589385205
"CGATCGGTCGCTTGCT-1",3.75190397993585,3.61562387747937
"CGATGCGAGTAAAGCT-1",-1.19766226514319,-3.20927412705249
"CGATGCGAGTCTCGTA-1",4.91750165716669,0.539800987674531
"CGATGCGGTAGCGTAG-1",-1.03869149192312,1.97528104586774
"CGATGGCAGGACGCAT-1",-0.260527731022626,-4.4313004751665
"CGATGGCAGTGGATAT-1",1.2715955664303,3.02982537551099
"CGATGGCGTCTACATG-1",3.31478306547663,3.31558482451611
"CGATGGCGTTGTGGAG-1",-0.916686088881284,-1.16119487480945
"CGATGGCTCTTTGCTA-1",2.1807775189068,1.32510487837964
"CGCAGGTAGGTAGATT-1",1.60747656122705,2.67041508956128
"CGCAGGTCAAGTGTCT-1",1.63131818071863,5.08680264754468
"CGCAGGTCAGTTCACA-1",3.18236729399225,3.35095350547009
"CGCAGGTCATAACTCG-1",1.20038255945703,-2.97784502701587
"CGCAGGTGTCCAGCAC-1",-1.71891048654059,2.04077725215131
"CGCAGGTGTGCTTCAA-1",1.85573813215753,2.91300790114575
"CGCAGGTTCTCTAAGG-1",2.60913583532831,4.42562596602612
"CGCATAACAATGTCAC-1",-2.17633870347479,-3.29325754837817
"CGCATAACAGGCACAA-1",2.82478591696283,2.57937257094556
"CGCATAACATGCAGGA-1",-0.416413904270918,-3.27780587868518
"CGCATAATCATGCATG-1",-0.918845565161497,0.101816759540375
"CGCATAATCTATCGTT-1",0.136061965384692,-4.94280893997974
"CGCATGGAGAATAGTC-1",-2.52119949563482,2.41243259711438
"CGCATGGGTATGGTTC-1",1.17276748911402,-3.31724198059863
"CGCATGGTCCATACTT-1",-3.4687643359516,-3.47209723191089
"CGCATGGTCTATGCCC-1",-2.06725302442053,-2.71602685646838
"CGCCAGAAGTCATCGT-1",1.9665453125622,0.0160888760375345
"CGCCAGACAATGTCAC-1",1.6234935213711,4.3362228135603
"CGCCAGACAGTGACCC-1",-0.391067148289472,2.24967567725354
"CGCCATTAGCAATAAC-1",3.07160469786188,4.22459332747632
"CGCCATTAGTAATTGG-1",-1.10826632483938,0.784609542323884
"CGCCATTAGTCCTGCG-1",-4.34446171029547,-2.13715942101306
"CGCCATTCAGCATGCC-1",-0.66191455825308,-5.0579512854082
"CGCCATTGTACAGAAT-1",-0.102280560052783,0.291296006275948
"CGCCATTGTGTTGATC-1",-1.65542045339087,2.02197484774762
"CGCCATTTCCAAGCAT-1",0.0646253515865502,-3.18485052780933
"CGCCATTTCCTACAAG-1",1.12694772974512,4.48642175002271
"CGCCATTTCGCCTAGG-1",-1.28957286580542,2.10661594672376
"CGCCATTTCTCGTGAA-1",0.28802662984392,-3.10427577690906
"CGCCATTTCTCTCTTC-1",0.696117906727999,3.41883079810315
"CGCGTGAAGCCTCACG-1",0.66628071562311,-3.53605325417346
"CGCGTGAAGCGGGTAT-1",0.839296071686953,2.86046139998608
"CGCGTGAAGGTATAGT-1",2.08967110411188,1.93709115786725
"CGCGTGACACTAGGCC-1",-3.15628722413519,-1.34989495472736
"CGCGTGACACTGGAAG-1",-5.4611194442127,-0.669542684124175
"CGCGTGACATCCTATT-1",4.05769893423578,1.22638170523816
"CGCGTGAGTTAAGGAT-1",-0.00833272292354734,-5.15961630539722
"CGCGTGAGTTCTCGTC-1",2.81074497000238,4.77603452010327
"CGCGTGATCACCTGTC-1",-1.55115059121588,-1.40190072254962
"CGCGTGATCCCTCAAC-1",0.190422712722033,-0.53344495491809
"CGCGTGATCCTTCTGG-1",-5.49678829415777,-0.300624712274734
"CGCGTGATCGGTTGTA-1",4.92774078146479,0.171075307859715
"CGGAACCAGACCAAAT-1",2.8577327419903,1.63288359446698
"CGGAACCCAAGCGCTC-1",1.4260202337887,4.74433343215161
"CGGAACCCACATGGTT-1",5.81616660849115,0.489806548787888
"CGGAACCGTGTGGACA-1",1.04152700201532,-2.51334746079272
"CGGAACCGTTGCCATA-1",-1.88413003190497,0.00441903723650813
"CGGAACCTCGGCTTCT-1",4.31915876165888,1.23804514212781
"CGGAATTAGCGTCGAA-1",-0.55595827206114,-3.25810606674976
"CGGAATTCATTGTCGA-1",1.97117516294977,1.53908495707684
"CGGAATTGTATTGAGA-1",3.07201191679499,1.78141252799207
"CGGAATTGTCAGATTC-1",1.02291259066126,3.83639948172742
"CGGAATTGTTCTCACC-1",2.39252444998285,4.17739026351148
"CGGAATTTCAGTCTTT-1",3.39392039076349,2.62696378035718
"CGGAATTTCCACTTCG-1",1.43668565050623,1.65647535128766
"CGGACACAGTCCGTCG-1",-0.100072455695659,0.816134975387391
"CGGACACGTTAGAAGT-1",-2.24280765756109,0.158623279167947
"CGGACACTCGCCAGAC-1",1.60742625490686,3.10341493888074
"CGGACACTCTATACGG-1",3.23066350714228,2.74713103575879
"CGGACACTCTGAGGCC-1",-2.3342576335285,2.05310623450452
"CGGAGAAAGGAAAGGT-1",-2.19780662759283,-3.92760570244617
"CGGAGAAAGTCACGCC-1",1.04980322615167,-3.81470806793994
"CGGAGAACAAGGCCTC-1",0.196671961703509,-4.77070124344653
"CGGAGAAGTCTGGTTA-1",-0.684472412905485,2.44611136717969
"CGGAGAATCCACTGAA-1",2.32627007261774,0.522675798370179
"CGGAGAATCCCAGTGG-1",1.07855424181482,3.19301216406995
"CGGAGAATCGGCTTGG-1",-2.71301987870672,-2.60568101601428
"CGGCAGTAGCGAATGC-1",-2.90512135728338,-1.90156061844653
"CGGCAGTCAAATGAGT-1",3.18283888594171,4.69848792357617
"CGGCAGTGTACAGCGA-1",-0.807234735331327,-1.24913926319904
"CGGCAGTGTCGAGTGA-1",-2.89470651849249,0.751771972610291
"CGGCAGTTCGTGGTAT-1",-2.9928794215534,-1.16429443554706
"CGGCAGTTCTATTCGT-1",-2.79209020837286,-1.80804701046771
"CGGGACTGTTGGCTAT-1",0.129604368367403,1.45682208342725
"CGGGACTTCCTCTTTC-1",-3.89065364106634,-3.35580928520984
"CGGGCATAGCGCACAA-1",0.899699776330202,-4.80538160996265
"CGGGCATAGCGCCTTG-1",3.2955670048382,3.83405964179211
"CGGGCATAGCTAGAAT-1",-1.89746895535925,3.26847283644849
"CGGGCATAGTGTAGAT-1",1.35963436857721,3.54519884391003
"CGGGCATCACGACCTG-1",2.93039366499445,3.71541588111096
"CGGGCATGTGGATCGA-1",2.85313531652948,0.27542439205819
"CGGGCATGTTCTTGTT-1",2.972269981065,3.98163120551282
"CGGGCATTCCTAGCTC-1",-1.34988215669134,1.75123529238873
"CGGGCATTCGTCAAAC-1",-4.29911497338751,-0.476076795623962
"CGGGTCAAGATGGTAT-1",-0.713488311610014,-4.25633413986987
"CGGGTCAAGCCAAGTG-1",2.45189735189936,3.19093220038586
"CGGGTCAAGGCGAACT-1",0.255590735831469,-2.37361962990588
"CGGGTCACACACACTA-1",-0.538395346245557,-2.58713085846728
"CGGGTCACAGGTGGAT-1",-1.97042730554083,-1.99463684754199
"CGGGTGTAGCTGTTAC-1",-0.519915075144559,-2.08275206284351
"CGGGTGTAGTATTCCG-1",0.635507373967379,-3.4357555647356
"CGGGTGTGTCACAATC-1",0.737769215264529,-2.94040472702808
"CGGGTGTGTCTGCAAT-1",0.508518903413027,2.09216420455151
"CGGGTGTGTTTCACTT-1",0.199988393941134,0.297118232681092
"CGGGTGTTCCGCCTAT-1",-0.237937674960882,1.18095128340894
"CGGGTGTTCCTTCAGC-1",-3.09842184289435,-2.51267750458545
"CGGTCAGAGATCGACG-1",-5.55171039803961,-1.05516810612506
"CGGTCAGAGCAGTCTT-1",-0.378381000003606,0.698481009437379
"CGGTCAGTCCTTGGAA-1",-0.243643076262266,-4.30353720383472
"CGTAAGTAGCACCAGA-1",-4.52966573937872,-2.42150528626269
"CGTAAGTCACTACACA-1",-3.77619293435553,-2.28290016846484
"CGTAAGTGTGGCTCTG-1",-2.77375462754706,0.644994900657471
"CGTAAGTTCCTACAAG-1",1.54409083620569,5.1142989854353
"CGTAATGCAATTGAAG-1",-2.50894907220343,-2.36287100510425
"CGTAATGGTAATGATG-1",-0.852281601271421,2.26908795638257
"CGTAATGGTTCGTACA-1",-4.927148611388,-1.74546666340655
"CGTAGTAAGCTGACTT-1",-1.63155081971625,2.81401412291699
"CGTAGTAAGCTGCCTG-1",-2.13726332887152,2.39256350798779
"CGTAGTACATCCAACA-1",0.630198090234011,-3.87632615761584
"CGTAGTAGTACTGCGC-1",-4.62871769174078,-2.0732956667406
"CGTCAAAAGAAGATCT-1",0.503742544808596,0.934122071697053
"CGTCAAACACAGCCAC-1",-0.0635693083617988,-5.06953985886401
"CGTCAAACACGTCTCT-1",-3.0858936618183,-3.06711132721728
"CGTCAAAGTAGAGACC-1",-1.0684678266857,-3.74976952271289
"CGTCAAAGTGAGTGAC-1",2.68859788671991,2.9710273007887
"CGTCAAATCAATCAGC-1",1.98050305143854,4.32718722624951
"CGTCAAATCCCTCGAT-1",3.52935430304071,5.04845015807324
"CGTCAAATCCTTCTGG-1",0.950573294320315,-4.51826794342822
"CGTCAAATCTGCGTCT-1",2.98392960325739,3.0658952455061
"CGTCCATAGGTCCTGC-1",0.182064114966601,1.03597925706082
"CGTCCATAGGTTACAA-1",3.46860787169,3.54834358496838
"CGTCCATGTAGAAACT-1",-0.254795805654317,-2.93435723976916
"CGTGAATAGAGTCAGC-1",0.352268515982836,-5.40220196442432
"CGTGAATCAACCGACC-1",-1.48386708005407,-3.60788924889392
"CGTGAATCATGCTGCG-1",3.40538784758112,4.22257296843701
"CGTGAATGTAGACAAT-1",0.506703047909945,1.39116697116071
"CGTGAATGTTGCATAC-1",-1.50160065396765,-1.82383997635669
"CGTGAATTCCGCGAGT-1",-1.11273947461584,-2.58422787384814
"CGTGATAAGGATATAC-1",4.59192678228876,-0.78501076893634
"CGTGATACATGAAAGT-1",0.454154281773775,0.537150547935303
"CGTGATAGTCTGCAAT-1",-2.2697999785755,-2.45215113358325
"CGTGATAGTTAAGAAC-1",1.78164788977167,2.48349134726697
"CGTGATATCCGCAGTG-1",-1.51134720548132,-2.39238722519702
"CGTGATATCGGTTGTA-1",-0.933467478594572,-4.50573666291064
"CGTGATATCTAGTGAC-1",-2.09906104310492,0.474217281772431
"CGTGCTTAGGTCACCC-1",2.71490403906366,1.52348689837628
"CGTGCTTCAACACACT-1",-2.81237152322272,1.30749385161572
"CGTGCTTTCACTCGAA-1",-1.77975121243933,2.05448691649609
"CGTGCTTTCCACGGGT-1",-2.19613579019049,-3.947198226021
"CGTGCTTTCGATACGT-1",6.3006198097851,0.452193961574372
"CGTGTCTCAGTCGGAA-1",0.0183248956587014,1.44694428248578
"CGTGTCTGTTATTCTC-1",-1.72039905293921,-3.45869596199817
"CGTGTCTTCATAGAGA-1",-2.6431970904682,-3.11199505524463
"CGTTAGAAGATGAAGG-1",-4.50401237710455,-0.492683424518768
"CGTTAGAGTGCACATT-1",-0.651576907477171,3.80118696494275
"CGTTCTGAGATGACAT-1",-1.06988546355703,3.43665854735547
"CGTTCTGAGCGTTCCG-1",-1.38162127240637,-3.16322906212634
"CGTTCTGCACGTAGTT-1",0.0557619173910317,-3.69827683167285
"CGTTCTGGTGGTCTGC-1",0.0609716762687859,-3.22504384713
"CGTTCTGTCCCTCAAC-1",3.40503284231684,2.98646585745984
"CGTTCTGTCGGTGTAT-1",3.35072633520624,1.8887427310484
"CGTTGGGAGATGCAGC-1",-3.90356710656622,-3.72963936524219
"CGTTGGGAGCTAGCCC-1",3.79659554258844,4.80481831832105
"CGTTGGGAGCTGTCCG-1",-2.52543166383246,1.21962611479932
"CGTTGGGCAAGTTCCA-1",-1.56360522016028,1.10613255305463
"CGTTGGGCAATGAGCG-1",2.8921622921612,4.80911319060498
"CGTTGGGCACCGTGAC-1",-1.61840322717169,-1.98198516564197
"CGTTGGGGTCGTTCAA-1",-0.657250017962247,0.0192221692787969
"CTAACCCAGACGACGT-1",-1.04525289042929,-4.62031061844653
"CTAACCCAGCAATTCC-1",-5.20390775903204,-2.06800825791186
"CTAACCCAGCACCAGA-1",-2.34683135255316,2.33456556601697
"CTAACCCCAATGGCCC-1",0.718970267930239,-5.12936623291797
"CTAACCCCACCTAAAC-1",-1.51942959531286,-2.53124673561877
"CTAACCCCAGGCATGA-1",2.18079087034723,3.2889942388075
"CTAACCCGTTGTTTGG-1",2.66301748053095,2.7238496999281
"CTAACCCTCATAGAGA-1",-2.05197015508154,-1.35502786831683
"CTAACCCTCGCCGTGA-1",0.599273054757327,-3.5848010321123
"CTAACTTTCCCGTAAA-1",1.38878604666254,2.30271093650037
"CTAACTTTCGCAGTTA-1",-1.51937607034186,1.75518946452313
"CTAAGTGAGATGGGCT-1",0.679722814717501,2.22632615370923
"CTAAGTGAGTCACGAG-1",2.00756642118952,4.12777058882886
"CTAAGTGGTTACAGCT-1",5.52817746893427,0.31901259823018
"CTAAGTGGTTCCCAAA-1",-1.93352618916968,-3.07372911171741
"CTAAGTGTCTCGTGAA-1",-0.669699580511839,3.34898273749524
"CTACAGACACTAGGCC-1",-1.06507751449087,-3.48593433098621
"CTACAGACAGGCACAA-1",-4.70517805322149,-1.63706417279071
"CTACAGAGTCAGACGA-1",3.78900405661127,1.19098286433392
"CTACAGATCCATGAGT-1",-3.87518480523565,-2.48925001816577
"CTACAGATCGTGGACC-1",-1.60849335893133,-2.41314299301929
"CTACAGATCGTTAGAC-1",0.0304609526779351,0.101453115327891
"CTACATTAGCACACCC-1",-5.31121519311407,-1.99926336006946
"CTACATTCAGACGGAT-1",-1.62444511159399,-0.32920996742076
"CTACATTCAGGAATAT-1",-2.22458103402594,-0.181234567330543
"CTACATTCATTGTGCA-1",3.58362385527155,0.334051297141846
"CTACATTGTAGTCTTG-1",-2.30126527055243,1.21652989192181
"CTACATTGTATCCCAA-1",-1.91434660657385,2.0582424859541
"CTACATTGTTTGACAC-1",-2.51919749482611,2.50467960639172
"CTACCCAAGCCTCTCT-1",2.84002849356195,0.16792038185769
"CTACCCAAGTTTGCTG-1",-0.283564315280706,-5.04722197251147
"CTACCCACATGAGTAA-1",-4.07661989434698,-2.53683097557849
"CTACCCAGTATCGGTT-1",-0.260135845384389,0.191450790597733
"CTACCTGAGAGGCCAT-1",2.56846639410517,4.66076295180493
"CTACCTGAGCATATGA-1",-3.8237116645191,-3.6187332411272
"CTACCTGCAGCTGTGC-1",1.44203385607263,2.65741078658276
"CTACCTGGTCGAGTTT-1",4.29082557455561,0.933220372630891
"CTACCTGGTCTCCTGT-1",-2.49514129861334,2.5980123738783
"CTACCTGTCAAACTGC-1",-0.970332593760282,-4.77249653534717
"CTACGGGAGATGGGCT-1",-1.99923923715094,2.11417023940259
"CTACGGGAGCCGTAAG-1",-2.03010454877356,3.14642588896924
"CTACGGGCAAGCTGTT-1",-0.487042070469648,-2.20742399887866
"CTACGGGCAATTGAAG-1",0.648715047993868,-5.10822851853198
"CTACGGGGTAAGGCCA-1",6.42961999670526,0.662635252906617
"CTACGGGGTTAAGCAA-1",-0.188553908011705,0.643598781062897
"CTACGGGGTTGGTACT-1",0.520878522553652,1.09940783782178
"CTACTATAGACATAGT-1",-3.80524805291632,-1.14971096710986
"CTACTATAGAGGGCGA-1",-5.79398325189093,-0.913371576832
"CTACTATAGTGATCGG-1",-1.56641641362646,2.22984187407666
"CTACTATCATAGCTGT-1",4.52267953650019,1.88039593501263
"CTACTATCATGTGGTT-1",0.734490125336855,-4.87674982743091
"CTACTATGTATCTCGA-1",-1.92032042249182,-0.396783544586364
"CTACTATTCCCAGGAC-1",-1.96602669461706,1.20012907786542
"CTACTATTCCTGTAAG-1",-2.1449597190235,-3.79510815338916
"CTAGACACAAGTTCGT-1",-4.93818882211187,-1.05077214436359
"CTAGACACACCCAATA-1",1.31866273180506,2.85182921691113
"CTAGACACACTCTGCT-1",-5.60168817742804,0.0551589905309045
"CTAGACACAGCAGTGA-1",3.76042124525568,-0.0796499391061699
"CTAGACAGTATGCTAC-1",0.5213833738949,3.10997431082898
"CTAGACATCGTTGCCT-1",-1.74402549966314,-4.34700424866504
"CTAGGTAAGCTCTATG-1",3.08509108320734,2.71361129088574
"CTAGGTACACTGCACG-1",5.22392007605097,0.184405059649285
"CTAGGTAGTAGCCAGA-1",4.90791246191522,1.38217322631055
"CTAGGTAGTTTCGCTC-1",-1.82311192258337,-2.62138469414539
"CTAGGTATCAAACTGC-1",-2.21309211953619,-1.48093624310321
"CTAGGTATCGAACTCA-1",-5.0415079902027,-1.93246801094836
"CTAGGTATCGTAGGGA-1",-0.738397211870939,2.01103250785046
"CTATAGGAGCCAGACA-1",-4.97481897576788,-2.03385431961841
"CTATAGGAGCTGACTT-1",2.37342521444818,3.98256127638989
"CTATAGGAGTGTGTTC-1",2.4666354347851,2.44174902243787
"CTATAGGGTCATCGCG-1",2.91331860319635,3.93605820937329
"CTATAGGTCCCTCTAG-1",-1.83934643968084,-1.63351006703204
"CTATCCGTCAGATTGC-1",2.8375739742901,4.09248654647046
"CTATCCGTCAGCTCTC-1",-1.20895317300299,-4.48501618103808
"CTATCCGTCCGAAGGA-1",3.73564883963129,4.4053899507063
"CTATCTAAGAGGTGCT-1",4.45877620474359,-0.452041610048476
"CTATCTAAGTGTTCAC-1",2.80802342192194,0.464293406440552
"CTATCTACACTATGTG-1",0.067492990651339,0.0295393905627096
"CTATCTAGTCGAACGA-1",-1.60865488751867,-0.537763788269225
"CTCAACCCACCGTGAC-1",4.60399505392572,0.298179046346482
"CTCAACCCAGAAGTTA-1",-0.838646323523313,-4.95348437027759
"CTCAACCCATAGCTGT-1",0.939030378022402,4.54356400771314
"CTCAACCGTCTACGTA-1",-5.15823057397345,-2.04577596382922
"CTCAACCGTTGCATAC-1",-1.30497399075964,2.58262173934155
"CTCAACCTCGTCCTCA-1",-1.77829650147894,-1.54860253529376
"CTCAAGACATGTGCCG-1",2.08252140776178,4.97594802184277
"CTCAATTTCACGTCCT-1",-3.14941671594122,-2.9070506830675
"CTCACTGAGACCTCAT-1",-2.15813592179754,1.61317019267255
"CTCACTGTCATGCTAG-1",-1.92036822541693,-3.12980325417346
"CTCACTGTCCACAGGC-1",5.83825561300775,1.69755797190839
"CTCACTGTCCTCACGT-1",-0.548551381668836,-2.47150476174182
"CTCAGAAAGGTATTGA-1",-2.67700150712469,-1.24574132160968
"CTCAGAACACTCAGAT-1",3.70959374205133,3.03380267424756
"CTCAGAAGTCCATCTC-1",3.60715934530756,3.34210340781384
"CTCAGGGAGGCGTCCT-1",-2.52309945329168,2.03872542185956
"CTCAGGGAGGCTCCCA-1",-0.777473599753172,-3.75732095436877
"CTCAGGGCAGGCTTGC-1",0.97900089518091,-3.5144589682085
"CTCAGGGGTAACCCGC-1",-3.11742833360174,-2.76406176285571
"CTCAGGGTCATGAGTC-1",-1.73281708463171,-3.18394549088306
"CTCAGTCAGCATCAAA-1",-5.93818882211187,-1.38395650582141
"CTCAGTCAGGGTTAGC-1",-0.955856771311552,-0.717303766773406
"CTCAGTCAGTTCGGTT-1",2.54342815176508,3.09201161666089
"CTCAGTCCAGCGATTT-1",3.02582332388422,4.06542651457959
"CTCAGTCGTACGGGAT-1",-3.63629201158026,-3.00262315468616
"CTCAGTCTCAAGTCGT-1",4.58486243978998,1.42420987887555
"CTCATCGAGTGGCAGT-1",-0.543100894531995,-5.29082567887134
"CTCATCGAGTTCCGGC-1",-3.36632612451056,-2.22698648171252
"CTCATCGCAACTACGT-1",1.72681507364771,4.47274415297681
"CTCATCGCACGAGGTA-1",2.95382472769281,4.98593251509839
"CTCATCGGTCGGTGTC-1",3.23114225164911,2.40112845702344
"CTCATCGGTGTCTTAG-1",1.66228112474939,4.05124728484326
"CTCATCGTCCTACAAG-1",-2.27292183145025,2.20459978385144
"CTCATGCCAAATCAGA-1",-0.545130283674986,-2.0396931906206
"CTCATGCGTCCACGCA-1",-2.18397811158636,-3.16677887635059
"CTCATGCTCATGGAGG-1",3.26854058996698,2.96049444480115
"CTCATGCTCCGTAGTA-1",-3.21657422288397,-2.872988535927
"CTCATTAAGCACTCTA-1",0.0751358260299858,3.66149632735425
"CTCATTAAGGGTACAC-1",0.765028088250368,-2.12585957245654
"CTCATTATCAGAGCGA-1",0.589460282483309,-2.35248096184558
"CTCATTATCCATGATG-1",-2.59404876931647,-3.00032575325793
"CTCCAACAGGAGACCT-1",3.03692099348566,0.358009056283768
"CTCCAACGTCAACATC-1",3.22722217337152,4.55631129546338
"CTCCAACTCCGTAGGC-1",2.34230300680658,5.15588872237378
"CTCCAACTCTTCGTAT-1",-4.82017544015387,-1.57821626858539
"CTCCACAAGCCACCGT-1",-5.92978075250128,-0.289007975624267
"CTCCACAAGTCAAGCG-1",-2.76354268296698,0.585162923766907
"CTCCACACAAATAAGC-1",-2.79468253358343,-3.32625587181872
"CTCCACACAATTCTCT-1",3.17189475790521,4.94147269530469
"CTCCACACACCCATAA-1",-0.587791235289365,-4.92862875656909
"CTCCACACAGGATTCT-1",-3.11926272614935,-3.00971372322864
"CTCCACACATGGAAGC-1",5.7066347290661,0.113122263087567
"CTCCACAGTATTTCTC-1",-1.21750345929602,-3.64890344338245
"CTCCACAGTTGCATGT-1",0.719084589638918,-2.21001799301929
"CTCCATGAGGTTGGTG-1",0.317830919184893,-2.05552227692432
"CTCCATGCACCTATCC-1",1.08961745993158,4.67620389266187
"CTCCATGTCCGATTAG-1",2.31000944868585,3.01963536544019
"CTCCCAAAGAGCAAGA-1",2.97174712912103,2.1547157029646
"CTCCCAACACTACCCT-1",2.35755798117182,4.6815449456709
"CTCCCAAGTAGACACG-1",-0.446499467930585,1.26424853606397
"CTCCCTCAGAAACACT-1",0.24739992515108,-4.60539992050952
"CTCCCTCCAAAGGGTC-1",1.11342820421717,-3.60975082115955
"CTCCCTCGTTGCTCAA-1",-1.32025089963415,3.10928408904248
"CTCCCTCTCATTACGG-1",2.50424000517389,4.30744426055127
"CTCCCTCTCCCGTAAA-1",-2.81652048333624,-1.65191538529224
"CTCCCTCTCGGTCGGT-1",-0.445930720410139,1.50072173876935
"CTCCCTCTCTCGCAGG-1",-0.738756270251066,0.0229991908209884
"CTCCGATAGACCATAA-1",-6.18769624932745,-1.11635072426623
"CTCCGATCAATTGCCA-1",5.03496667639276,0.118057699038323
"CTCCGATGTTCCACAA-1",-2.60543111070135,0.852399096919831
"CTCCGATGTTCGGCTG-1",-5.45549038156012,-0.139781637952987
"CTCCGATGTTTCCCAC-1",2.29111859098932,1.80760674281293
"CTCCTCCAGGGAGGGT-1",0.515955178895205,-4.931262805031
"CTCCTCCAGGGTCACA-1",-3.64102986558417,-2.93176896767444
"CTCCTCCAGTTTCTTC-1",-2.38609245522955,1.35215751929456
"CTCCTCCCACTACGGC-1",-1.59703114732245,-4.38423330979175
"CTCCTCCCACTTGAAC-1",-1.31318631871679,-4.40312702851123
"CTCCTCCGTTAGGACG-1",-2.11243155702093,-4.20874293045825
"CTCCTCCGTTGCTGAT-1",3.95764943853876,1.17344252867871
"CTCCTCCTCGGACTTA-1",-1.39580288632849,-4.25844366745776
"CTCCTTTAGTCATCCA-1",-1.83977535470465,-4.52871973709888
"CTCCTTTAGTCTTCCC-1",-1.34406164391974,-0.154122515485946
"CTCCTTTGTACGTACT-1",5.79705592886469,-0.151680230067436
"CTCCTTTGTGCACAAG-1",-1.21880009873846,2.74289552970105
"CTCCTTTGTTAGCGGA-1",3.98023435369989,1.24462239546948
"CTCCTTTTCAGGAAAT-1",-2.25847676499823,1.88038389487439
"CTCCTTTTCGCCACTT-1",0.88805326715967,-4.90637381272143
"CTCGAGGAGCCTGAAG-1",0.624640731969088,1.57652692599469
"CTCGAGGAGGCATGCA-1",-0.634732515654356,-4.73573620514697
"CTCGAGGCAACGAGGT-1",1.84609624640009,3.52484242720776
"CTCGAGGCAAGATGGC-1",-0.472934187493116,-0.127342997954551
"CTCGAGGCAGCCTACG-1",-2.23092272981146,-1.87477131085223
"CTCGAGGGTTGGGACA-1",2.67596766249201,4.23974530501538
"CTCGAGGGTTTAGACC-1",0.105761750498026,0.339297876788911
"CTCGAGGTCGAAACAA-1",-3.48195389016607,-0.971960141227905
"CTCTCAGAGCTGAGCA-1",2.87686511770746,3.56444661421948
"CTCTCAGCAAGTCATC-1",2.37614795462152,3.5317806462782
"CTCTCAGCAATGTGGG-1",0.990551440873354,1.21910481257611
"CTCTCAGCATAGCACT-1",-0.419145048699171,-5.4219592352373
"CTCTCAGGTATTTCGG-1",-3.38851907952765,-2.73102338509387
"CTCTCAGGTCCTACAA-1",3.05945917860529,2.41260521216565
"CTCTCGACAAGACGGT-1",2.04017922178766,3.79228250785046
"CTCTCGACACCGTACG-1",0.188390313544482,-3.9916523237688
"CTCTCGACAGTAACCT-1",-2.91401532395819,1.58514647288495
"CTCTCGAGTGACACAG-1",-0.259396017632276,-1.63994820313281
"CTCTCGAGTGGATGAC-1",-0.31893417342642,-3.53321654991931
"CTCTGGTAGCAACCAG-1",-3.06628468736151,-2.7423516054613
"CTCTGGTAGCGGGTAT-1",2.79723498121759,5.10455386443311
"CTCTGGTAGTTCACTG-1",-2.73127225144842,-2.67362864212817
"CTCTGGTCACATTCTT-1",-0.357118935427457,-4.80001862244433
"CTCTGGTCATACGCAT-1",-2.11630430921057,-2.91236264900989
"CTCTGGTTCGTAGTCA-1",5.81009742514154,1.48770897193128
"CTGAATGAGTAACAGT-1",-0.420789272627622,-4.23302824692554
"CTGAATGCAAGCACAG-1",-1.91673711045721,-2.00670535759753
"CTGAATGCATGTTTGG-1",2.97250792280695,4.89888779921704
"CTGAGCGAGTTGTAGA-1",-0.696015150389463,-3.97887213425464
"CTGAGCGGTACAGTCT-1",-2.46193555100897,-1.70288617806262
"CTGAGGCAGCTTCGTA-1",-5.04389551385382,-1.8670013685686
"CTGAGGCAGGCCTGAA-1",-1.35035804017523,-3.6085375090105
"CTGAGGCCACGAGAAC-1",-2.98209098084906,-2.14024646477527
"CTGAGGCCATGCGTGC-1",-0.804376811823637,0.618056879474458
"CTGAGGCTCTGTTCAT-1",4.18937799231073,-0.0472919930679238
"CTGATCCCAACGACTT-1",3.53540584341547,4.43838994307691
"CTGATCCCAAGGCCTC-1",0.334819226422518,2.99398772521191
"CTGATCCCACTCACTC-1",-1.85731366380194,1.08681647582227
"CTGATCCCATTGACAC-1",2.31415197149774,2.06514851851636
"CTGATCCGTAGACGTG-1",2.98504277960321,1.11484722895795
"CTGATCCGTGCACATT-1",2.03060671583673,4.07087104125195
"CTGCAGGAGGGAGTGG-1",-0.261221558890134,-2.25007660584277
"CTGCAGGCAGCGTGCT-1",-3.84867599709967,-1.18641753392047
"CTGCAGGGTTCAAGTC-1",0.401472418465823,-3.31228382782764
"CTGCAGGTCGGCTTCT-1",5.98231765524408,1.49218885703259
"CTGCATCAGAATCGCG-1",-1.9930916140888,-4.09828980164355
"CTGCATCCAACATCGT-1",1.41805681482813,3.64953892035657
"CTGCATCCAATACAGA-1",-1.57895258172491,2.01556842131787
"CTGCATCCAGGTTCAT-1",-2.04170671208838,-2.38048203186816
"CTGCATCCATAGGAGC-1",-2.11108067735174,-1.89868731694049
"CTGCATCCATGTTACG-1",3.37181946531793,2.77951304717236
"CTGCATCGTTCTCTCG-1",2.37432262197992,4.77703444762402
"CTGCATCTCCGCAACG-1",-3.20753744348028,-3.34058602051562
"CTGCCATGTACTGTTG-1",0.993380634942263,3.46992437644177
"CTGCCTAAGCCTCTGG-1",-1.89627614720801,1.63410239024335
"CTGCCTAAGTGCACAG-1",-2.85743907197455,-1.29916579918689
"CTGCCTACAATTTCGG-1",3.11058589712641,4.1849743585127
"CTGCCTATCGACCAAT-1",2.91408941046259,4.22823588652783
"CTGCCTATCGTTCATT-1",-3.11223414643744,-2.30306465821094
"CTGCGAGAGACCATAA-1",-1.42310300572851,0.722449884845551
"CTGCGAGAGGACACTG-1",3.95736428991815,1.61469154162579
"CTGCGAGGTACCTATG-1",-2.54606321557501,-0.0537408058506882
"CTGCGAGTCAATCCAG-1",-0.421786219916135,-5.03112967209643
"CTGCTCACACGGTAGA-1",-2.34271410211065,-1.2146598835451
"CTGCTCACATCGAAGG-1",-1.18036487802008,3.17618791861707
"CTGCTCAGTCTTTATC-1",0.689555733361452,1.04823880000287
"CTGCTCATCAGCTGAT-1",6.08039113775751,1.46965460581952
"CTGCTCATCATAGAGA-1",-0.0476088236186805,1.93947343630963
"CTGGACGAGATGTTCC-1",0.968314855256289,-3.83137376503772
"CTGGACGCAGATTAAG-1",3.79614779249689,1.57203821940595
"CTGGACGGTGTACATC-1",5.59847995535395,0.600427971317109
"CTGGACGTCAGGGATG-1",1.0631199766781,3.00067083640271
"CTGGACGTCCATGCAA-1",-4.9146745513294,-1.29819388584918
"CTGGACGTCGCCAGTG-1",-3.6590936492298,-3.81699497895068
"CTGGCAGAGAGTGTGC-1",-0.150992489523083,0.124694899751481
"CTGGCAGAGGAAACGA-1",-1.64883568986395,0.91812084717923
"CTGGCAGAGGTAAGTT-1",-0.902277858099729,1.84145383639508
"CTGGCAGAGGTTGCCC-1",-0.00495229764917524,-3.79005677895373
"CTGGCAGCAAATCAAG-1",-1.46180549367407,-2.35636456208057
"CTGGCAGTCCATTTAC-1",-3.19200542672613,-1.58073766426868
"CTGGCAGTCCCAAGCG-1",-1.39686551793554,0.010465310050782
"CTGGCAGTCCCATGGG-1",5.37432262197992,-0.623733117149535
"CTGGTCTCACTCCCTA-1",-0.723156363806516,-5.12408240036792
"CTGGTCTTCGGACTGC-1",2.69451305166742,3.7740525464552
"CTGGTCTTCGGCCTTT-1",-0.124876776813358,-5.25354941086597
"CTGGTCTTCTCGAGTA-1",-0.269629553994924,1.21455197138959
"CTGTACCAGATTTGCC-1",-0.875420303187162,-1.40217776493854
"CTGTACCAGTTCCGGC-1",0.740853874840945,-3.59834130005664
"CTGTACCCACTGATTG-1",-3.66480735047796,-0.867321624324981
"CTGTACCCAGAATCGG-1",-2.23200085862616,-2.11484415726489
"CTGTACCCAGACAATA-1",-0.0422668914411369,-2.13653643326587
"CTGTACCCAGATACCT-1",1.60785731569788,4.79267422957593
"CTGTACCTCACTGAAC-1",3.17336174742243,4.51221101088696
"CTGTACCTCGCACGGT-1",6.17842599646112,1.19181780619794
"CTGTAGACAGTAACCT-1",-2.64386871560553,-1.17261285977191
"CTGTAGAGTCAACACT-1",2.26001998678705,0.301374808980759
"CTGTAGAGTGTTTGCA-1",3.79659864202997,0.804667578174409
"CTGTAGATCGCATGAT-1",-0.28425610168913,0.441466526223954
"CTGTATTGTTCCAAAC-1",-2.8066001246784,0.101927333607014
"CTGTATTGTTTGCAGT-1",-2.61559417947272,-1.89528019623584
"CTGTATTTCCGTTGAA-1",1.33390244738123,3.39178697867566
"CTGTATTTCGCGTGAC-1",0.247052400269717,1.67318682475263
"CTGTCGTCACAAGTGG-1",0.641099839368075,3.72951333327466
"CTGTCGTTCGCTAGCG-1",-2.23087647660711,-2.21405799584216
"CTGTGAAAGTTCAACC-1",-2.1731362651203,2.65494887633496
"CTGTGAACACGTAGTT-1",-5.37804821237066,-0.795553102062408
"CTGTGAACATCCGGCA-1",-1.62345126374701,-2.73355372147388
"CTGTGAAGTCCGCAGT-1",-1.97166016801336,-1.65007038311786
"CTGTGAAGTCGTCTCT-1",-1.53000655873755,0.186228529645737
"CTGTGAATCGATGCTA-1",3.35899349943659,3.48225848479443
"CTGTGAATCTGGGATT-1",4.32594701544306,0.331120983793076
"CTGTGGGAGAAGGTAG-1",-4.32750108941534,-1.42008586125201
"CTGTGGGCAAGACCGA-1",3.40626069799921,2.91180197997266
"CTGTGGGCAGTAGAAT-1",0.504661708035677,3.58162538809949
"CTGTGGGTCACTCACC-1",5.2304384400036,0.331244544221696
"CTTACCGAGGATTTAG-1",-0.0184691037152115,4.09355037017041
"CTTACCGGTATTCTCT-1",-2.31907180055121,0.827273831798371
"CTTACCGGTCCGGACT-1",2.85159227148554,4.95356147093945
"CTTACCGGTCGCCTAG-1",-1.80651095612982,-0.894887580440704
"CTTAGGAAGCGTCAAG-1",4.48691245810053,0.588771090938386
"CTTAGGAAGTTACGTC-1",0.665775625863284,-1.9080147285921
"CTTAGGAGTAACGGTG-1",-0.676357240519315,-2.04189856247729
"CTTAGGAGTGTGCCTG-1",-1.93728199704626,2.98225109381848
"CTTAGGAGTTCAACGT-1",2.47133180395624,4.49532191558057
"CTTAGGATCATTGCTT-1",-2.19913771851996,2.74225680632764
"CTTCAATAGCTAATCC-1",-2.02099707826117,1.06956975264722
"CTTCAATAGGAATCGC-1",0.697751372018069,-2.96676070885486
"CTTCAATGTCTGGTTA-1",-3.62901571496466,-3.33631165222949
"CTTCCGACAAGCGAGT-1",-0.63164386256674,3.61764161391431
"CTTCCGATCACCATAG-1",1.05229863420984,-3.36242277817554
"CTTCCTTGTAAGCGGT-1",-0.534782231888563,-5.24747879700488
"CTTCCTTGTCGCTTAA-1",-2.1933794329975,2.09168665213757
"CTTCCTTTCATCTATC-1",5.48339626089594,1.65187184615308
"CTTCCTTTCGTCAACA-1",2.22689863935968,5.30921857161694
"CTTCGGTAGAAGTGTT-1",1.39010724321863,2.51660530371838
"CTTCGGTAGAGGGCGA-1",-2.25389388307074,-3.29018981652087
"CTTCGGTAGTCATACC-1",3.4665224243786,4.1138655404585
"CTTCGGTCACAATTCG-1",0.0510061521913704,3.5947357873457
"CTTCTAAAGACGCAGT-1",1.75532671705744,3.41098444266492
"CTTCTAAAGCAGCCCT-1",-2.56125548585394,0.132240311338242
"CTTCTAATCCAGCACG-1",0.887566893258303,3.58387367530042
"CTTCTCTCAGGGCTTC-1",5.28450176016352,1.48470918936902
"CTTCTCTGTATACCTG-1",0.829861908116549,2.53613440795117
"CTTGAGACACCATTCC-1",2.61977144972345,3.38015525145703
"CTTGAGACACTCATAG-1",-1.72982493146399,1.15443019671613
"CTTGAGATCATCGCTC-1",3.01206442610285,4.73639361663037
"CTTGAGATCGGCATAT-1",5.4471509148266,-0.586812510059539
"CTTGAGATCTATGTGG-1",2.60653659597895,1.83127932353192
"CTTGATTAGACTAAGT-1",0.944525091805666,4.23984830184155
"CTTGATTAGAGCTTTC-1",-4.04507067903021,-1.10109110073871
"CTTGATTAGTATGGAT-1",1.38816746965906,4.63395850463086
"CTTGATTCAGAGAATT-1",-4.6812179396961,-0.357928409145538
"CTTGATTCAGAGGAAA-1",-5.66924360497931,-0.600638522670928
"CTTGATTTCTTCGGAA-1",1.88896748320124,4.29938142104321
"CTTTCAAAGACAACTA-1",-1.90077725156286,1.73408298297101
"CTTTCAAAGCATCAGG-1",-2.51518872483709,2.06503431601697
"CTTTCAAAGGAAAGAC-1",-1.56939533456305,-3.03467304901904
"CTTTCAACAATTGCGT-1",-3.29220894082525,-2.41396005348987
"CTTTCAAGTAGCGTCC-1",0.430086164632052,0.717839107944306
"CTTTCAAGTCGAGTTT-1",-0.78334269031027,1.01992695136243
"CTTTCAAGTTAGGAGC-1",-1.92416337235907,-2.32722885804004
"CTTTCAATCTTGGTGA-1",0.350658296504229,3.69653622908765
"CTTTCGGAGAGCAACC-1",-5.01471832498053,-1.90336115555591
"CTTTCGGGTGTATCCA-1",-4.6989934752796,-0.207298739717666
"CTTTCGGTCCGACATA-1",5.51269599691889,1.54946296019727
"GAAACCTAGGTCATAA-1",-1.04971853002051,-2.02050669388599
"GAAACCTGTACCCGAC-1",0.11368612841627,-4.40525658325976
"GAAATGAAGAGGATCC-1",3.71120354429743,-0.0721687291724122
"GAAATGAAGCAGCGAT-1",4.70232555166742,0.675448284580048
"GAAATGAAGTAGCATA-1",-0.490084440550596,-4.75037510590381
"GAAATGAAGTCGGGAT-1",1.34180924192926,3.61654751105481
"GAAATGACACAATGTC-1",0.763922124066561,-3.90992291168994
"GAAATGACACAGAAGC-1",-3.61746886476019,-3.52107436852283
"GAAATGACAGAATCGG-1",-3.94908264382818,-0.903862132595245
"GAAATGAGTGTCCGTG-1",-0.898063511690885,-2.72884304718799
"GAAATGATCCTAAACG-1",2.98218390242121,0.605226860477265
"GAACACTAGATTACCC-1",1.94067999617121,4.92091576857739
"GAACACTAGCTGAAGC-1",-1.82459274037817,0.66872333092862
"GAACACTAGTTGGAGC-1",0.136203615823,1.46739702029401
"GAACACTGTTCTCACC-1",-0.317121298155576,-3.92017634110278
"GAACACTTCAAGAAAC-1",-2.27672436936834,-2.09658343987292
"GAACACTTCTACTTCA-1",-0.421738893828184,-4.72797329621142
"GAACGTTAGGTAGGCT-1",0.436391441979617,-5.34606726364917
"GAACGTTTCAACTGGT-1",-3.30318978532293,-1.13977451519794
"GAACGTTTCACCCTTG-1",5.38149282232782,0.582261310054597
"GAACGTTTCGGTTAGT-1",3.7727329422619,3.43949382109815
"GAACTGTCACCGCTAG-1",-3.1236646483753,-1.13158507542438
"GAACTGTCAGCTCATA-1",2.48234650389215,1.87075798316174
"GAACTGTGTAGGAAAG-1",-0.762587518534452,-1.86337275700397
"GAACTGTGTTACGTAC-1",-2.56397202714422,-2.01030810074634
"GAACTGTTCGGTAGAG-1",0.322939126649111,-1.80837400154895
"GAACTGTTCTCCACTG-1",-1.47258141740301,1.24243156714612
"GAAGAATAGAGACAAG-1",0.613494246163577,-2.78958471016711
"GAAGAATCAGCCGTCA-1",-1.96186402543524,0.151585244669255
"GAAGAATCATGAGGGT-1",-0.466194869122297,-1.34987266259021
"GAAGAATTCAGGTGTT-1",5.89087173239252,1.66765086455518
"GAAGAATTCTGCCCTA-1",-0.800385625204832,-1.22313518719501
"GAAGCCCGTGGTTTGT-1",-4.87142017587164,-1.29517884449786
"GAAGCCCTCGCTGTCT-1",-1.88360634549597,0.452780411674317
"GAAGCCCTCTTTGCTA-1",-2.98667791589239,0.635335371925172
"GAAGCGAAGAGTAACT-1",4.75993034140131,-0.224511190221969
"GAAGCGAAGTCATTGC-1",0.842521338620394,2.10928885741406
"GAAGCGACATTGCTTT-1",-5.80072763665655,-0.0844893892270958
"GAAGGACAGATGCTAA-1",2.08006283537409,4.60684172911817
"GAAGGACAGGCTTAGG-1",2.8256110836651,2.42542640967542
"GAAGGACAGTGGATAT-1",1.66894933477899,1.67449145121747
"GAAGGACCAGCGAGTA-1",-0.813926429590971,-1.88339812950915
"GAAGGACCATGGATCT-1",0.652153818764895,-5.12100584702319
"GAAGGACTCCGTGCGA-1",-1.69724825128058,2.46593014998608
"GAAGGACTCGGTAGAG-1",-2.59999254449347,1.46410648627454
"GAAGGGTAGTAAGAGG-1",0.47330215469858,-1.955268456505
"GAAGGGTCACGTTCGG-1",-5.76258543237188,-0.94215769963092
"GAAGGGTCATGTGGCC-1",-0.123130639186889,-0.190694375799361
"GAAGGGTGTCTCTCTG-1",3.78890702024957,-0.0763254527909195
"GAAGGGTGTGACACAG-1",5.14824268118402,-0.787658764885131
"GAAGGGTGTGTGAATA-1",2.53198000685236,4.77248017592603
"GAAGGGTTCCCTCGTA-1",4.58928128973505,1.79373853011304
"GAAGTAAGTAGCGCTC-1",-3.23976329072455,-2.01074583725757
"GAAGTAATCTGCACCT-1",1.16255375639459,4.64400737090283
"GAATAGAAGTATGAAC-1",-3.95324018701056,-3.98468239502734
"GAATAGAAGTCTAGCT-1",-3.36156013711432,-2.56144674019641
"GAATAGACAAATAAGC-1",-0.501864881357938,1.98453645510846
"GAATAGAGTACGAGTG-1",-0.708937496981413,-2.84803183274097
"GAATAGAGTACGATGG-1",-0.796977312407285,-1.0633817453844
"GAATAGAGTCGCATCG-1",-1.78847232564428,1.57183782859021
"GAATAGAGTGGTCTCG-1",-5.63874605401495,-0.623504414127532
"GAATCACTCAGTGCGC-1",-2.00356069310644,-2.47564299301929
"GAATCGTAGCGCCTTG-1",0.599167077698916,-1.91781385140247
"GAATCGTGTGTCTTGA-1",5.56335708395502,0.457911924554642
"GAATCGTTCGCTGACG-1",3.49714133039972,3.42503492636853
"GACACGCCACTCCCTA-1",3.33530089155695,0.547568366958436
"GACACGCCAGACGATG-1",-1.93941119416693,-1.55158848957843
"GACACGCTCGCGTTTC-1",1.49360284105799,2.19988219542676
"GACACGCTCGGTTGTA-1",-1.22889891370276,-0.13659661905593
"GACAGCCCATGTGCTA-1",1.35955724016687,3.29554574294263
"GACAGCCTCCAAGCAT-1",-2.30396059258917,2.10282509131604
"GACAGCCTCGCCACTT-1",-2.40598300202826,-1.86617191033191
"GACATCAAGCTGCGAA-1",3.66193744436762,0.714359567596253
"GACATCAAGGAGCTGT-1",-4.35728958352545,-0.686570658252898
"GACATCACACCGCTAG-1",-2.62147358163336,-3.92100389199084
"GACATCACATGATGCT-1",0.216549425282687,-4.61691363053149
"GACATCAGTAGCTCGC-1",0.10185029999277,-2.87917621331042
"GACATCAGTATTTCGG-1",-1.58455339177588,2.76129143042737
"GACATCAGTTGGACCC-1",-5.62409380181769,-0.0348892052633202
"GACATCATCCAGGACC-1",-1.62758484586218,0.726469860507783
"GACCAATAGTTAGAAC-1",5.03236839071772,0.486860619022187
"GACCAATCAGGTGACA-1",0.934744923272341,3.4794444303053
"GACCAATGTTGGAGAC-1",-0.326640636763364,-2.98455269532031
"GACCAATTCATGCATG-1",0.268840729155749,-5.16311581330127
"GACCAATTCGAATCCA-1",-0.331623957595617,-4.52327616410083
"GACCAATTCGCAATGT-1",2.78839012877008,0.208666772677239
"GACCCAGAGAGCTTTC-1",-4.32331636651495,-1.25929422573871
"GACCCAGAGGTAGTAT-1",-5.83157423242071,-1.25725133614368
"GACCCTTAGTTCCTGA-1",0.00883030787965625,-1.44963927464313
"GACCCTTCAAAGTGTA-1",-2.28274181588629,-2.183863951729
"GACCCTTGTAATGCTC-1",-4.39032295449713,-0.398635311887924
"GACCCTTTCATGAGTC-1",6.28847810522577,0.212721229626473
"GACCCTTTCTTAGCCC-1",1.40972718493006,4.39858262343579
"GACCGTGCACACCTAA-1",-3.59466317399481,-3.1821869154436
"GACCGTGCACAGAAGC-1",1.97740909353754,1.64985279841596
"GACCGTGGTCCGAAAG-1",5.23086902395746,0.471510396434602
"GACCGTGTCAGCCTCT-1",2.99234649435541,3.95451276107007
"GACCGTGTCAGGCGAA-1",0.142719983020037,-3.00975997643298
"GACCGTGTCCTCGCAT-1",-2.09289589627722,2.48278729720288
"GACCGTGTCGTAACCA-1",-1.59747448667029,1.02717892928296
"GACCGTGTCTTGATTC-1",0.13512107626459,1.22028617663556
"GACCTTCGTACAGGTG-1",2.04862281576654,2.02163367076093
"GACCTTCTCAGCTGAT-1",-0.992672355017454,-3.79774768547839
"GACCTTCTCGCTGTCT-1",-0.430372060379774,1.41490809722119
"GACGCTGAGCACCAGA-1",4.36096164480707,-0.0546586056215203
"GACGCTGGTTCGTTCC-1",-1.44016912682989,2.6982411603468
"GACGTTAAGCCGCTTG-1",2.14952942625543,3.27577440543347
"GACGTTACATATTCGG-1",-0.409585894188673,1.09555928511792
"GACGTTACATCATCCC-1",3.22026058928034,2.24606292052441
"GACGTTAGTCAGATTC-1",-4.75520303948858,-1.91619951920337
"GACGTTAGTGGGTCAA-1",0.606179087319582,4.20579688353711
"GACGTTAGTTCGAAGG-1",-1.39512553914526,-0.149000286029044
"GACGTTAGTTGGGTTT-1",-0.175109599820167,-4.12612326340503
"GACTATGAGACAAGCC-1",-1.12490430577734,-3.0637524862749
"GACTATGCAGTGCGCT-1",-3.33240369065741,-1.93777699665851
"GACTATGGTTCAAGTC-1",3.25173136488458,4.22134797377759
"GACTATGGTTTCCCAC-1",2.56217142836115,2.13785903258496
"GACTATGTCCATCACC-1",0.987077205338686,-3.14334519104785
"GACTCAAAGTGATCGG-1",-1.60323146089056,1.38039057059461
"GACTCAAGTACAGAAT-1",-2.22646287187079,-1.59518344597644
"GACTCAAGTGGCAGAT-1",-0.737775952658445,-2.20237667755908
"GACTCTCAGTACGTCT-1",1.36042997137567,2.64821784300977
"GACTCTCCAGCACGAA-1",4.02809449926874,0.659840689136323
"GACTCTCGTACATACC-1",0.569203226723879,-2.92497165398425
"GACTCTCGTACGCGTC-1",3.28060552374384,3.29668729109937
"GACTCTCGTATCGAAA-1",5.89118263021967,1.77615730567151
"GACTCTCTCATCGTAG-1",1.53078195349237,3.46570675177747
"GACTCTCTCGAAGAAT-1",-0.088271935573608,-5.31106026367969
"GACTCTCTCGCGTTTC-1",-6.26542165978888,-1.07049102978534
"GACTCTCTCGTCGACG-1",3.01367661253473,-0.00716154919690252
"GACTGATAGGTTCCGC-1",-2.90301683648565,-0.841591372059051
"GACTGATGTACCATAC-1",-2.29168036683539,-1.78344304756946
"GACTGATGTGTCATTG-1",-1.87514415486792,-0.784234001205627
"GACTGATTCGCTGTTC-1",-0.773731798968107,-0.644678725765411
"GACTTCCAGCATCCCG-1",0.367846964755267,2.62763874335461
"GACTTCCCAAATTGGA-1",-1.61045673593023,1.2590880851286
"GACTTCCCAGACCCGT-1",3.17234799162409,4.15264241500073
"GACTTCCGTAGTGTGG-1",-2.23581364854315,-1.99463231758899
"GACTTCCTCGTCCTCA-1",0.338776945033282,-4.7579835196001
"GAGAAATAGAGTCTGG-1",-1.61812308534125,-2.31785781578845
"GAGAAATAGCTGTACT-1",1.31846842066309,2.99153106017285
"GAGAAATAGGTTCAGG-1",-0.177948725513012,-0.0382763137084878
"GAGAAATGTACGAAAT-1",-1.73145094617346,1.77436582846814
"GAGAAATGTTAGGGTG-1",-1.04352364047506,1.09999804301434
"GAGACCCAGGGTTAAT-1",2.91518303648493,4.94450585646802
"GAGACTTAGAGTGTGC-1",-1.24260202153662,-3.64893491463489
"GAGACTTAGTTGGAAT-1",-1.47531488641241,-2.80681307511157
"GAGACTTCAATTGCGT-1",6.12636443869135,0.462097601129349
"GAGACTTGTCGTTATG-1",-3.49519518121222,-3.56290466980762
"GAGACTTGTGGAGAAA-1",2.97062083975336,2.05062787337476
"GAGACTTGTTCCCAAA-1",-3.01616767152289,-0.411864234970275
"GAGACTTGTTCTCAGA-1",1.1075867106106,-2.80889470772571
"GAGAGGTAGAGAAGGT-1",-0.272268311223775,2.2964028577345
"GAGAGGTAGAGCAGCT-1",0.937441556611269,-2.30650313095874
"GAGAGGTAGAGGCCAT-1",-0.101614545202643,-5.26545841889209
"GAGAGGTAGGTGCGAT-1",-1.20395782693365,1.38100855155164
"GAGAGGTAGGTTCTTG-1",5.46671458975336,-0.930995358989898
"GAGAGGTCAAAGGATT-1",-1.75741878255346,1.43278329177075
"GAGAGGTGTCTCGACG-1",0.227021186509341,-4.21291954712695
"GAGAGGTGTGATTAGA-1",-1.71989730103949,-3.64289004998035
"GAGAGGTGTTAGGCTT-1",-0.600790859303266,-2.12937052445239
"GAGAGGTTCACCACAA-1",1.71441814199945,4.77169387145215
"GAGATGGAGTAAACTG-1",-4.59900215371588,-0.770835949943725
"GAGATGGAGTAGACCG-1",4.49868079916498,0.495304779245194
"GAGATGGGTCATCCGG-1",0.0336705435898003,-4.82120020584888
"GAGATGGGTTTCACTT-1",0.421326725640505,-5.0409777899248
"GAGATGGTCCTGGTCT-1",-1.23728290303686,0.793909595443543
"GAGCCTGAGACTTCGT-1",1.68659946218988,1.7738528708952
"GAGCCTGAGGAACGAA-1",4.71991893545648,0.996669576598939
"GAGCCTGAGTTCGGTT-1",1.65110465780756,2.60772054000073
"GAGCCTGCAACGTTAC-1",-0.590411127648145,-1.56005640225238
"GAGCCTGCAAGTGGAC-1",-6.11062076791266,-0.74372704224414
"GAGCCTGCAGATCCTA-1",1.94948717848322,2.60943381591016
"GAGCCTGGTATGTCCA-1",-2.53784039720038,-2.03463370995349
"GAGCCTGGTTTACCAG-1",3.24675556913874,4.79767672820264
"GAGCCTGTCCGATTAG-1",-2.91824582322577,-2.02233202652759
"GAGCCTGTCGCCGTGA-1",-2.21740248902777,-2.03059466080493
"GAGCCTGTCTTGCAAG-1",-2.34259322389105,2.19077985091382
"GAGCTGCAGTGCACCC-1",3.41645070807001,2.26489202780896
"GAGCTGCGTAACAGGC-1",5.97834989325067,1.04805128379041
"GAGCTGCTCACATTGG-1",-0.0445530722949806,1.25836663050824
"GAGCTGCTCCGCACGA-1",3.30261251226923,0.579556630088624
"GAGGCAAAGACGCATG-1",-2.78662541612127,-2.64963562683887
"GAGGCAAAGGGTCACA-1",-2.06753650411108,1.25184576316052
"GAGGCAATCAAAGAAC-1",4.25913354650995,0.768953369094666
"GAGGCAATCAGGAGAC-1",1.35679349199793,4.17800681395703
"GAGGCCTAGGTACATA-1",5.17919036642572,1.32773773474866
"GAGGCCTCATTCAGGT-1",-3.42248299821356,-1.30680771069354
"GAGGCCTGTGCCAAGA-1",2.08262988821527,4.16390197081738
"GAGGCCTGTTGACTAC-1",-1.96765735848883,-2.86538703636951
"GAGGCCTTCAGACAAA-1",-2.3953042338703,-0.974969222114745
"GAGGCCTTCATAGCAC-1",0.0359802682783303,-4.71544010834521
"GAGGCCTTCCTACGGG-1",-1.60775879128912,2.62487904830151
"GAGGCCTTCGTTCCTG-1",2.18723603979608,3.7850879888075
"GAGGGATAGCCATTGT-1",-0.0577078919027153,1.03415773911649
"GAGGGATCAACTCATG-1",5.212988107362,-0.207184567020599
"GAGGGATCAATAGGAT-1",-5.72677829965094,-0.0413657491070664
"GAGGGTAAGCACTTTG-1",-5.08426454766729,-0.139381303356353
"GAGGGTAAGGAGATAG-1",5.17081996695063,1.07254581256085
"GAGGGTAAGGCATCTT-1",-1.86809864743689,-2.29681523041553
"GAGGGTAAGGTGAGAA-1",0.76841637388727,-4.24425823883838
"GAGGGTAGTAGTAAGT-1",1.19270536200067,4.53942935271436
"GAGGGTATCTCGGCTT-1",3.94432136312982,0.779601142837342
"GAGTCATCAAGAGCTG-1",-4.73755005105475,-0.195352344678107
"GAGTCATCATGTTCGA-1",-1.29763117536047,-4.07147724823779
"GAGTCATTCATTCGGA-1",1.93753215567133,2.64373199744397
"GAGTCTAAGCTGTCCG-1",0.820457904496401,-4.37531454758472
"GAGTCTAAGGATATGT-1",0.28164851562044,-3.23052127556628
"GAGTCTACACGTGTGC-1",-1.85571041806677,-1.0049408216936
"GAGTCTACAGCACCCA-1",-2.82833483918646,-0.264416350887481
"GAGTCTAGTAGAAACT-1",0.926336138406008,-2.49348361687488
"GAGTCTAGTCGACGCT-1",5.84411069647333,-0.258951618240539
"GAGTGAGGTGCGGATA-1",-1.21540072663763,2.9899379472273
"GAGTGAGTCGACTCCT-1",-0.101503192550332,-3.03058750824756
"GAGTGAGTCGGACGTC-1",1.34869584337732,2.52694623274976
"GAGTGTTTCTCGACCT-1",-1.59646478398779,0.999318883849915
"GAGTTACCACGTGAGA-1",0.83780684963724,2.56576912207776
"GAGTTACGTAGGCAGT-1",4.00715944067499,0.544328794910249
"GAGTTACTCCACCTGT-1",5.34132119909784,0.213863746358689
"GAGTTGTAGGGTATAT-1",4.63515540853998,1.02758197589093
"GAGTTGTCATACCACA-1",-2.85710623963812,0.271541596485909
"GAGTTTGCATAGGTTC-1",6.17131349340937,1.15888862414533
"GAGTTTGCATGACAGG-1",3.28493210569879,5.13572709365064
"GAGTTTGGTCTTTATC-1",-0.963733644327909,0.838918612434205
"GATAGAAAGGTAGACC-1",1.099547116914,-2.70052631096667
"GATAGAACAGGTCTCG-1",-6.01072147592047,-1.45377714829272
"GATAGAATCCATAGGT-1",-1.03286281331518,-3.2838030596239
"GATAGCTTCGTAATGC-1",1.81648394361994,4.98065392775708
"GATAGCTTCTGGGCGT-1",0.396349637665957,-5.04112560944385
"GATCACAGTAAGATCA-1",-1.50776782735327,-3.66164310173816
"GATCACATCTCCAATT-1",-1.5112641166065,-4.26355154709643
"GATCACATCTTCGCTG-1",-1.9750606129978,3.06076328559094
"GATCAGTAGCATCAAA-1",1.47777637735864,1.4926417331236
"GATCAGTAGGCAGTCA-1",-2.02541819318274,1.69401602549725
"GATCAGTAGGGAACAA-1",0.655469684758395,4.41230027480298
"GATCAGTCAAACAGGC-1",-2.40573337777594,-3.80305345253772
"GATCAGTCAGCTACAT-1",5.71947929159662,0.43847562475377
"GATCAGTCAGTCCGTG-1",-0.594600112280637,-4.39703495697803
"GATCAGTTCACATCAG-1",-3.80471447213629,-2.31524784760303
"GATCAGTTCCGATAAC-1",0.204779564299792,-4.2640870352251
"GATCAGTTCTTCACGC-1",-1.62081077798346,0.00328353150063395
"GATCATGAGTGCGCTC-1",6.06752702490351,1.36780874533826
"GATCATGTCAACCTTT-1",-2.72931769593695,2.29234902663403
"GATCATGTCACCCTTG-1",-3.44717004998663,-3.63089187340564
"GATCATGTCCACGTAA-1",2.87687536970636,0.620112345649537
"GATCATGTCTCACGAA-1",-1.04156419738272,-1.67259748177356
"GATCATGTCTCTCAAT-1",-0.651648909888059,-3.14541132645435
"GATCCCTAGCATGCAG-1",-2.42409280045965,-3.17762716011829
"GATCCCTCACAAGCTT-1",-2.18950513108709,-1.72548563675708
"GATCCCTGTAAGCTCT-1",-0.797613651594907,-4.17132170395679
"GATCCCTGTGAATTGA-1",-5.85076931222418,-1.68793387608356
"GATCGTAAGTCCCTAA-1",-4.9153282950733,-1.48689313130206
"GATCGTACACAAGCTT-1",-2.28606632455328,-3.82566340164966
"GATCGTACACGCGTGT-1",0.142715631880969,0.969997153713044
"GATCGTACAGACGGAT-1",-2.63342788918951,-0.674042536781493
"GATCGTAGTATGGTTC-1",3.43442031637689,4.85610358519727
"GATCGTAGTCAACCAT-1",3.37922426954767,3.42259924216443
"GATCGTATCCTACCAC-1",-3.56384995683172,-2.44965703682727
"GATCGTATCGAACACT-1",-3.22937110169867,-1.33108527855701
"GATGACTAGGGACCAT-1",-0.859398276648313,0.881582425071534
"GATGACTCACGGTGAA-1",6.28178569571039,1.1148158769148
"GATGACTGTGATATAG-1",3.11832567945978,4.35292880339795
"GATGAGGGTCGTGGTC-1",0.324216543593615,-5.19534952835864
"GATGATCCAAAGGCGT-1",1.15534433619043,-3.50604136185474
"GATGATCCAATTTCCT-1",-2.22985747560003,-1.26234467224902
"GATGATCGTAACTGCT-1",-3.93962243302801,-3.88161237435168
"GATGATCGTGCGACAA-1",0.790232806363314,-1.17649324135608
"GATGATCGTTTGTTGG-1",-0.605096490225584,-2.98807246880359
"GATGATCTCCTCTCTT-1",1.20467242495081,2.10835902495557
"GATGATCTCTCAGTCC-1",-3.67143872483709,-2.19276697830981
"GATGCTAAGCCTTCTC-1",-2.12995448811987,1.01213471694165
"GATGCTAAGGATCATA-1",-2.66881898148993,-0.46091784434146
"GATGCTACACCCAAGC-1",3.49992272154352,3.74630420012647
"GATGCTATCCACCTCA-1",-0.341673732838422,-5.09460003571338
"GATGCTATCCCAGTGG-1",-1.69749310716131,2.68647973342114
"GATGCTATCCGGCAAC-1",0.922767727532595,4.42704694075757
"GATGGAGCAGGACATG-1",-0.14359228043893,-1.91110260681934
"GATGGAGCATGCGGTC-1",-1.93144443734625,-0.185155286358062
"GATGGAGTCAAGGACG-1",3.09986898199579,2.5630614022749
"GATGGAGTCAAGTCGT-1",2.75496765867731,2.39581959052258
"GATGGAGTCGACGCGT-1",2.16135188833734,4.57080857558423
"GATGGAGTCGCGTGAC-1",0.570308654465884,-1.75673051075763
"GATGTTGAGAAGAGCA-1",-0.597955406746656,-1.6327781219942
"GATGTTGAGCCAGACA-1",-1.21771338685492,0.735788748695191
"GATGTTGAGCCTGACC-1",-0.852940590224058,1.9375594119566
"GATGTTGGTAGAGCTG-1",-0.691762299380094,2.19503466887647
"GATGTTGTCATTTGTC-1",-2.96188739045599,-1.4488660831911
"GATGTTGTCCGAGGCT-1",-3.97384956582525,-2.26554782585925
"GATGTTGTCGTGTCAA-1",0.848583727040499,-4.67842085556811
"GATTCGAAGGAGGCAG-1",0.0724584002878365,-1.82285828785724
"GATTCGACACAGGATG-1",-3.01948240502814,-0.858816399143401
"GATTCGACAGTAACCT-1",-0.987349183401853,-3.92901690201587
"GATTCGACAGTCACGC-1",-1.38107708199957,1.4841367463606
"GATTCTTCAGAAGTTA-1",-1.9280156205509,-1.22249491410083
"GATTGGTAGCAATTAG-1",3.65306588903925,3.88180963797742
"GATTGGTAGCAGTACG-1",-2.13297084077337,-0.125156356857482
"GATTGGTCACAAACGG-1",2.11278721586725,4.61696450514966
"GATTGGTCACATCCCT-1",-6.23374250634649,-1.23389311032123
"GATTGGTCACGCCACA-1",-3.16024854882696,-3.69994623856372
"GATTGGTGTCCCAAAT-1",-1.55129590733984,-1.70308406548328
"GATTGGTTCCATGATG-1",-1.09551295741537,-2.8184333582384
"GATTTCTAGACCATTC-1",-0.489232600769788,1.46456353469067
"GATTTCTAGTCGCTAT-1",-1.15458193524817,3.21789138121777
"GATTTCTCACAATCTG-1",-0.740802259287626,-2.00411184029407
"GATTTCTCAGACCCGT-1",3.28011914984247,2.96824900908643
"GATTTCTGTAATCAGA-1",3.05302259222528,5.13058154387647
"GCAACATCAACCACGC-1",1.96337196127436,5.00595824523145
"GCAACATTCCACGGGT-1",-1.90482810243109,1.94362013144666
"GCAACATTCGGCAGTC-1",-2.32884767755011,1.06863479418927
"GCAACATTCGTTGTGA-1",0.160108386435717,3.56789843840772
"GCAACCGAGCCTTTCC-1",-0.898225576720029,-1.00774247841663
"GCAACCGAGGTAGGCT-1",0.554889767327517,1.02875606818372
"GCAACCGCAGTGGGTA-1",1.1447302986767,-3.13890965180225
"GCAACCGGTCAAGCGA-1",-3.71731904252508,-3.60893113808459
"GCAACCGGTGTCGCTG-1",-4.94786146386603,-1.98489411072559
"GCACATAAGAGAATCT-1",-0.324525863966734,-2.16444714264697
"GCACATAAGCCTAGGA-1",-3.28442147477606,-2.45980985359973
"GCACATAAGGACTGGT-1",-1.01448223098257,1.73048965735608
"GCACATACAGGAACCA-1",0.466121285119265,3.76903455062085
"GCACATACAGGTACGA-1",-6.2148158858631,-1.26545937256641
"GCACATAGTCACTTCC-1",0.975445358910769,4.42085377974683
"GCACATAGTCTTTATC-1",-4.4895413230274,-0.857263340519134
"GCACATATCAGTCACA-1",-3.92544439538458,-1.90126688675708
"GCACGGTAGCCTCAAT-1",-1.89572146638373,1.34450845523053
"GCACGGTAGTGGACGT-1",4.29081794516107,0.908587263061341
"GCACGGTCACTACCCT-1",0.963697879471987,3.63816253943616
"GCACGTGAGAATCTAG-1",-4.04467752679327,-2.10821016030139
"GCACGTGTCGATTGAC-1",-3.33676651223639,-2.86075265602893
"GCACGTGTCTCCTGCA-1",2.39361974493524,1.93241946501904
"GCACTAACACAAATCC-1",3.24073073164484,3.41700951857739
"GCACTAAGTGATTAGA-1",3.92595025793573,1.30230395598584
"GCACTAATCATAGACC-1",-2.7129197429035,2.34160773558789
"GCACTAATCGCCTATC-1",-0.457782656988889,-4.37826330857104
"GCAGCCACACATCATG-1",-2.78439405663946,-1.86048348145312
"GCAGCCACATGGAGAC-1",0.377422242322176,-2.94942910866565
"GCAGCCATCTCCCTAG-1",0.871320693650454,-3.94064028458423
"GCAGCCATCTGGTGGC-1",-1.19921079381445,2.15157453818494
"GCAGCTGAGTTGAAGT-1",5.24713346258661,-0.07307986067361
"GCAGCTGCAATACCTG-1",-3.9628238986347,-1.8873620768053
"GCAGCTGCACGGGCTT-1",4.75230094687006,2.26616327567273
"GCAGCTGGTCCTGTTC-1",-2.22602728112677,-2.26067884163684
"GCAGGCTCACGACAAG-1",0.878197996773928,-1.95363767342395
"GCAGGCTGTGTCCAAT-1",-2.19373944505194,-1.39890463547534
"GCAGGCTTCCTTCACG-1",5.70883485571405,0.835962520076569
"GCAGTTACAGCGGTTC-1",-4.66638639672735,-1.19221182064838
"GCAGTTACATAGTCAC-1",0.642083554425448,0.34859605236226
"GCAGTTACATTGCAAC-1",-4.42501953347662,-1.05139167504138
"GCAGTTATCGAGAGAC-1",-5.01820400460699,-0.243171228931609
"GCAGTTATCGTGGCTG-1",5.83924123541376,0.97284154696637
"GCATCGGAGAAGTCAT-1",5.68670865789911,0.921574340297517
"GCATCGGCAAGCGCTC-1",-0.298295960864812,-2.50450523094958
"GCATCGGCACAGAAGC-1",-2.41603472932318,-0.520203127430145
"GCATCGGCACTGCATA-1",1.50688859716913,1.97003226084882
"GCATCGGCAGACCTAT-1",-0.490579784951002,-4.98846228318042
"GCATCGGCAGCTCATA-1",-4.91776111825445,-1.62926562027759
"GCATCGGGTAATTAGG-1",-1.36891606553534,0.938920066787537
"GCATCGGGTCTCTCAC-1",1.2280711819317,1.6843286017912
"GCATCTCAGCCTCGTG-1",1.03454777494928,-4.07071573929614
"GCATCTCCAGGAACCA-1",3.74005505339166,4.1776067475813
"GCATGATAGAGGGCGA-1",-1.33378747209051,0.0553520639451706
"GCATGATAGGAAAGAC-1",-2.93595627053717,-1.59198434548206
"GCATGATGTGCCGTTG-1",2.13657972113153,2.0849291543501
"GCATTAGAGGTTCTAC-1",-3.84153798325995,-3.00601084427661
"GCATTAGAGTCTCGTA-1",-1.13425675137976,1.60585408015424
"GCATTAGTCCGAGTGC-1",4.5840613533642,0.352181599571046
"GCATTAGTCTCACGAA-1",0.902165501275271,-2.81700403885669
"GCCAACGAGGAAGTGA-1",-0.0761645595643821,-1.76751573281116
"GCCAACGAGTTCCTGA-1",-1.90208152039984,-1.67933101849383
"GCCAACGTCTAGTTCT-1",3.460222690263,4.94029776854688
"GCCAGCAAGCTCCACG-1",5.73817893759272,-0.155116646454993
"GCCAGCAAGTCTAGCT-1",3.09006544844171,1.96722631259137
"GCCAGCACACCTGTCT-1",-2.47291520341376,2.86995975775891
"GCCAGCACAGAGCTAG-1",3.43111345068476,4.68475739760571
"GCCAGCAGTCGTACTA-1",-1.64166215165594,2.05519048972302
"GCCAGCATCAGGTAAA-1",-0.835204393706113,-0.685643984840575
"GCCAGTGAGAGCATTA-1",-1.5917233537052,-0.221631332205001
"GCCATGGAGAGAGAAC-1",0.674220948376864,-4.2047026892168
"GCCATGGAGTCCCGAC-1",0.0743007500555214,-5.04745133118457
"GCCATGGCATACCATG-1",2.75938603178522,2.08875672621899
"GCCATGGTCCTGGGAC-1",-1.97186890347937,-3.95808680252856
"GCCATTCGTGACTATC-1",-2.61861804231146,-2.87083609299487
"GCCATTCGTGCCTTCT-1",-1.20590499146917,3.4007934789198
"GCCCAGAAGCTAGAGC-1",-2.47384145959356,1.85546140475446
"GCCCAGAAGGCATCGA-1",0.392623632111758,-2.64161379532642
"GCCCAGACAAGTTTGC-1",1.62271615759394,3.56530897422009
"GCCCAGAGTTCCGCAG-1",-0.00546639516094358,-5.27840168671435
"GCCCAGAGTTTGGCTA-1",3.07683941618463,3.63733594222241
"GCCCGAAAGTGAGTTA-1",4.91413470999262,1.8534039716261
"GCCCGAACACGACTAT-1",-0.497174085221082,-2.05309231476611
"GCCCGAAGTTTCGCTC-1",0.849165826001376,3.92988173766309
"GCCCGAATCGAGAGCA-1",-0.896129340967924,1.93818657202893
"GCCGATGAGTATCCTG-1",-1.15088465913275,-3.77703912453479
"GCCGATGCACGCGCAT-1",-2.70320680840948,2.45709554953748
"GCCGTGACATCTAACG-1",-4.47167947991827,-1.49776466088122
"GCCGTGAGTAGTCCTA-1",-1.8444727967594,-3.01666887001819
"GCCGTGATCACATCAG-1",-1.56215563519934,-1.4965168972475
"GCCGTGATCACCATAG-1",-2.48639062150458,1.09259300036603
"GCCTGTTAGGAACGAA-1",2.11301681295893,3.81652657790357
"GCCTGTTGTACGACAG-1",-0.883476943812162,1.88840834899121
"GCCTGTTGTACTGCGC-1",-4.55611351235846,-1.19821412758655
"GCCTGTTGTATCACGT-1",-5.28840091927984,-1.66492612557239
"GCCTGTTGTATTGACC-1",-2.2613246749256,1.3870280246275
"GCCTGTTGTCGGAACA-1",-0.45378941400984,-4.27855141358203
"GCCTGTTGTGAATATG-1",-3.61638239129522,-3.5117607851488
"GCCTGTTTCAAGAAAC-1",3.17149016157648,2.34608785910779
"GCGAGAAAGATACATG-1",-0.983948798022062,2.1628030995863
"GCGAGAAGTCAACACT-1",0.841136067071169,2.90392987532788
"GCGAGAAGTCTACTGA-1",5.62401267782709,0.736127005054292
"GCGAGAAGTTAAGAAC-1",-5.77299097283819,-1.66699023442096
"GCGAGAAGTTTACGAC-1",0.718675701775759,-3.68042166428393
"GCGAGAATCATACGGT-1",-1.98121383889654,-1.71977133946246
"GCGAGAATCCATCTCG-1",-2.63862088426092,-2.46174366669482
"GCGATCGCACCCGTAG-1",1.89834138647577,4.66191165251904
"GCGATCGTCCACGTCT-1",-0.901710541090757,0.687685714198884
"GCGATCGTCCATTTAC-1",-0.0911020758662525,-3.05811841683215
"GCGATCGTCGACATTG-1",-0.256176130018026,0.951969669296082
"GCGGAAAAGACTGGGT-1",4.62990018621942,2.04915611548596
"GCGGAAACAAGAGTAT-1",-0.413264722666532,0.175705106093224
"GCGGAAAGTAAGTAGT-1",-6.25376156075934,-0.904787792728606
"GCGGAAAGTAGTGTGG-1",-1.05436828835943,-1.86652119355029
"GCGGAAAGTGGATCAG-1",1.06574234262964,-3.71828301148242
"GCGGAAATCCTTTAGT-1",-0.988949448904783,2.50282089514905
"GCGGAAATCTGAGAAA-1",2.777929513612,3.06802694602185
"GCGGATCAGGCCCACT-1",-4.20345237954596,-0.644992365406219
"GCGGATCAGTGAACAT-1",-6.12453869088629,-1.3013367195589
"GCGGATCGTTGTGTAC-1",-4.4248121093128,-1.98251016335315
"GCGGATCTCCTCTCGA-1",2.69311210409662,5.07573430342847
"GCGGATCTCTCTGCTG-1",2.22696015135309,4.08450047774487
"GCGGATCTCTGTACAG-1",-1.76794639333227,-1.46404798226184
"GCGTGCAAGCGTGCCT-1",-2.22887209161261,2.40474431319409
"GCGTGCACAATGGCAG-1",2.87916204229853,3.00780503554517
"GCGTGCACACACAGAG-1",-0.615195692620069,2.76687805457288
"GCGTGCACAGTCGGAA-1",5.71163007513544,-0.267317606971923
"GCGTGCAGTAAGCAAT-1",-3.75464704736212,-3.10079772667712
"GCGTGCAGTGGAACCA-1",3.57937094465753,3.34577433867627
"GCGTGCATCCGATAGT-1",-0.440187902292997,-3.46171291069812
"GCGTTTCAGTGTTGTC-1",0.710455029168337,-3.22171051697559
"GCGTTTCTCGACGCTG-1",-1.2219050238941,0.827577696277436
"GCTACAAAGAAGCGGG-1",1.04661223188898,-3.19630511002368
"GCTACAACAATTGAAG-1",2.36515924231073,4.25068871779614
"GCTACAACACTTGAGT-1",-1.69734588368872,0.805267558528718
"GCTACAACAGTCGGAA-1",5.38970252768061,0.108850979341801
"GCTACAATCCGGACGT-1",-0.708929629168302,-0.0615972344738877
"GCTACCTCATAACGGG-1",2.60733744398615,1.36148493094617
"GCTACCTTCAACTACG-1",5.92942258612177,1.86596278948956
"GCTCAAAAGGTTGTTC-1",-1.46063330872992,-1.50695224003619
"GCTCAAAGTATCGAAA-1",-4.39291790231207,-1.71304531292743
"GCTCAAAGTGATGTAA-1",-1.42749729855993,-2.34349806504077
"GCTCAAAGTTGTCTAG-1",-1.61580458386877,-3.5990513105852
"GCTCAAATCACGAACT-1",-2.02190604909399,-4.36297543244189
"GCTCAAATCTCAACGA-1",6.39526721731684,0.502070413066682
"GCTCAAATCTCGCCTA-1",-0.947780103525907,-4.29350693421191
"GCTGAATAGTTTGAGA-1",3.00342842833063,2.61168949408704
"GCTGAATCAGAGCGTA-1",-0.767289013705045,-0.521079494522277
"GCTGAATGTCAGGTGA-1",-0.594227166018278,0.533814714385804
"GCTGAATGTCCAGCGT-1",0.0738334496404824,-5.26711352066821
"GCTGAATGTCGCCACA-1",-2.05793228848913,-1.31905026631183
"GCTGAATGTTAGGCCC-1",-1.00441864236334,2.20468132300549
"GCTGCAGGTCAAAGCG-1",2.51989170805475,1.79420416159802
"GCTGCAGGTCCTGGGT-1",0.528410880723208,-4.02803595261401
"GCTGCAGGTGCCGTAC-1",-2.53821304543951,1.01477740807706
"GCTGCAGTCCGTCACT-1",2.83509847418329,5.13739983840161
"GCTGCAGTCTACTGAG-1",6.19465324179193,0.791905866100129
"GCTGGGTCAGATACCT-1",5.88438102499506,-0.603511287735168
"GCTGGGTGTACTCCCT-1",-2.3028445552204,1.43021111293012
"GCTGGGTGTGATACTC-1",1.3231024433758,1.19242446227246
"GCTGGGTGTGTAGGAC-1",0.488403110661715,-3.91794951157397
"GCTGGGTGTTTGTTGG-1",-1.58591321214178,2.8306566934126
"GCTGGGTTCGAGCACC-1",2.71666452185175,4.84593407912427
"GCTTCACCAAATGCTC-1",-1.29378214581946,-1.46035309033221
"GCTTCACTCCTACGAA-1",-4.45710018380621,-2.09659130768603
"GCTTCACTCGGTTCAA-1",-3.2516057799671,-2.60153134064502
"GCTTCACTCTACAGGT-1",-1.05132386191824,-0.709815694854919
"GCTTCACTCTCGCCTA-1",-2.12194123967627,1.10499160094434
"GCTTCACTCTTGAGCA-1",-0.390859187683851,-2.10141189293689
"GCTTGGGCACAAAGCG-1",0.648958234944552,3.33156411452466
"GCTTGGGGTGCTCTCT-1",5.61826917425653,0.993584797813233
"GCTTGGGTCCGAAGGA-1",-0.294010535917074,-3.27287347512073
"GCTTTCGCACGATAGG-1",1.00010177389643,-1.91133959488696
"GCTTTCGGTCGTTCAA-1",0.598823158898562,2.46981780333691
"GCTTTCGTCATTCTTG-1",2.99071952597162,4.36328761382275
"GCTTTCGTCCGTAATG-1",-2.80466559632757,-3.00819118218249
"GGAACCCGTCAGGTAG-1",-2.5491493056629,0.0737516294258201
"GGAACCCGTTGAATCC-1",2.26111170546076,3.77265994353467
"GGAACCCTCGACTCCT-1",0.192399828591555,3.93872849745923
"GGAACCCTCGTAGTGT-1",-0.773368329844267,-3.42840559677905
"GGAAGTGAGCGAACTG-1",0.96553608671686,3.08497564597302
"GGAAGTGAGGGCGAGA-1",-1.03205838902929,-0.958678915069762
"GGAAGTGAGTTACGGG-1",-2.98942878945807,-2.67643912033862
"GGAAGTGGTGACATCT-1",-3.19993737443426,-1.10815770821399
"GGAAGTGTCGACACCG-1",-0.791479618391782,-0.0893677313787377
"GGAATCTCAACCACGC-1",5.28033420340082,-0.743122651146117
"GGAATCTCAGTTCTAG-1",1.12535402075312,3.68885557456189
"GGAATCTGTCCAGCAC-1",3.21017524496576,0.266839058234032
"GGAATCTGTTCTAAGC-1",3.65769764677545,4.45656983657056
"GGAATGGAGGATGTTA-1",-2.84952524407843,-2.78106577591724
"GGAATGGAGTAGCCAG-1",-2.79509905084112,-1.62044055657214
"GGAATGGCAATCACGT-1",-1.72265425427893,1.43770186705762
"GGAATGGGTATGCGTT-1",-1.64832165940741,1.44678621096784
"GGAATGGGTCAATCTG-1",4.49775144354364,1.45137886805707
"GGAATGGTCAAGAGGC-1",-1.08841958745459,-2.91237862305469
"GGAATGGTCAGGCGAA-1",-0.130506173687059,2.38029877944165
"GGACGTCAGATGAACT-1",4.9029524017956,-0.298861666486923
"GGACGTCAGCTGCCAC-1",-1.76320198281744,-0.103737323449317
"GGACGTCGTAGCGATG-1",3.22364207998773,2.67803876204663
"GGACGTCGTAGTACGG-1",0.452198355355471,-1.34972651200122
"GGACGTCGTTCAATCG-1",-5.0173266242359,-1.91204185681171
"GGACGTCTCCATTGTT-1",0.161543427863329,2.84043185515576
"GGACGTCTCTGAATCG-1",-2.40882828935126,-3.10962207512683
"GGAGAACAGTATGCAA-1",-3.02436593278387,-3.01443941788501
"GGAGAACCAACCAGAG-1",-2.51459863885382,-3.12067921356982
"GGAGAACCACAGCCAC-1",4.95650216833612,0.580948398544129
"GGAGAACCACCAACAT-1",-1.42575600846747,-3.55864460663623
"GGAGAACTCTGTGTGA-1",5.23361131445429,0.371934042407807
"GGAGATGAGCGACTAG-1",1.51032826200983,3.49763529105359
"GGAGCAAAGTATGTAG-1",5.11290380255243,0.912047193481263
"GGAGCAACAGGGAATC-1",-4.55735758050421,-0.96201534466571
"GGAGCAAGTCGTAATC-1",-1.87519613011816,1.99700741572553
"GGAGCAAGTCTCGGGT-1",0.100126131334513,1.64294998450452
"GGAGCAATCCAAGGGA-1",5.99280616537592,-0.0299896438581383
"GGAGCAATCCACACAA-1",-4.2683613608692,-2.03027541832751
"GGAGCAATCTGTTGGA-1",4.08925840155146,1.65393619342023
"GGAGGATCAGAAGCTG-1",5.50736686483881,1.09192495150739
"GGAGGATCAGAGTTCT-1",-2.22157576783636,0.393948004676636
"GGAGGATGTGAGCAGT-1",2.29708239332697,1.13972334666425
"GGAGGATTCAGGCGAA-1",-2.47694924577215,0.654972122146424
"GGAGGATTCTATACTC-1",1.84654709593317,2.60420291228467
"GGAGGTAGTTGCACGC-1",4.70256492392084,1.08060149951154
"GGAGGTATCAAGTAAG-1",-2.18260744317511,0.293270916773614
"GGAGGTATCTAATTCC-1",-2.70378664239386,-2.81420643524951
"GGATCTAAGAATAACC-1",-1.94527879460791,-0.481396152542297
"GGATCTAAGCGAACTG-1",-6.00432136758307,-1.04579622940845
"GGATCTAAGTGATTCC-1",3.18245693937799,2.27198688788586
"GGATCTACACGACTAT-1",6.11528465048334,1.50115589900189
"GGATCTACATGTAACC-1",-2.6994862864826,-1.76415879921741
"GGATCTATCAATCCAG-1",0.086619823136538,2.5515879849928
"GGATCTATCAGGTAAA-1",2.77775570646784,2.24917022986585
"GGATGTTAGCACTAAA-1",0.073119445600718,-1.83883531288928
"GGATGTTAGGTCGAGT-1",-1.23589530690649,-3.55135638909167
"GGATGTTAGTGCAGGT-1",5.12336274878046,0.249200196101006
"GGATGTTCAATAACGA-1",0.295330672421664,-1.52835400299853
"GGATGTTGTTTAGACC-1",5.80155917898676,1.39950828356915
"GGATGTTTCCGGCAAC-1",-2.23386696084479,-1.00680573181934
"GGCAGTCAGTAAGGGA-1",0.958770244279116,-3.78779919342822
"GGCAGTCAGTCTGTAC-1",-2.03053739770392,3.20234792037183
"GGCAGTCCAGGTCCGT-1",-2.51220896943548,-1.75582070545978
"GGCAGTCGTGCCTACG-1",-5.2865121672962,-1.7406585951311
"GGCGTCACACGCGTGT-1",-2.10852304204443,2.27448980612927
"GGCGTCATCAACGCTA-1",3.03456541792414,4.35875956816846
"GGCGTCATCATGAGTC-1",-0.388379098019392,1.10916464133435
"GGCGTCATCGCAACAT-1",2.06065341726801,2.22114579482251
"GGCGTCATCGTGCATA-1",1.08864948050043,4.0512491921919
"GGCTGTGAGAGAGGGC-1",4.75080129400751,0.3462699810999
"GGCTGTGAGGGTACGT-1",-2.45078376039007,-4.03610403733081
"GGCTGTGAGGTCACAG-1",-2.20485571130255,-3.74594242768115
"GGCTGTGGTCGTAATC-1",4.14704057470819,0.205905796124276
"GGCTGTGTCGCAGTGC-1",3.39449140326044,4.43033854766065
"GGCTGTGTCGCGCTGA-1",-2.34657481416205,1.93842034144574
"GGCTTGGGTTAGTTCG-1",0.433788924374789,-4.51554329590625
"GGCTTGGTCCTCTTTC-1",0.773904352345675,-2.23167355255908
"GGCTTTCAGAATTGTG-1",-3.11913231118658,-2.2353947897417
"GGCTTTCAGCCGGATA-1",-0.574726850828916,-3.24834830956287
"GGCTTTCCACAAGTTC-1",1.71747037664911,5.09474961562329
"GGCTTTCCAGCTACCG-1",5.32309743658563,0.422179059221085
"GGCTTTCGTCGCACAC-1",-2.2184870551441,-2.50250323014087
"GGCTTTCGTCGTTGCG-1",-1.83459249242285,2.19902508063489
"GGGAAGTAGGCAGGGA-1",-0.714666516623289,1.59165792269879
"GGGAAGTCAACCCTCT-1",3.45947596327326,0.840613649322327
"GGGAAGTCAGTAGAGC-1",0.321479498305529,3.58308737082654
"GGGACAAAGAAATCCA-1",4.1421611000683,0.229979948236283
"GGGACAAAGTTTCGGT-1",-2.44617489083746,2.78717868132764
"GGGACAAGTGAGATAT-1",4.37602254644892,2.74353568358594
"GGGACAAGTGCCGTAC-1",2.96364304319879,4.80426375670606
"GGGACAATCTGAGGCC-1",-1.01415184243658,-2.6204365034563
"GGGACCTAGAAGAGCA-1",-5.43904522164801,-1.6935748596651
"GGGACCTCAGGAATCG-1",-1.8171438287113,-1.86069150166339
"GGGACCTGTCGATTCA-1",-1.51195719941595,2.32175032897168
"GGGACCTGTGTTGAGG-1",-1.67545715077856,-3.08506376938647
"GGGACCTGTTGCTGAT-1",5.68400594488642,1.63008920951062
"GGGACCTTCCTTATAC-1",-2.07876029714087,-4.08693058686084
"GGGACCTTCGAGCTGC-1",-2.6326408694599,-1.42517895893878
"GGGACTCGTCATGACT-1",-0.744572670302183,-4.10964281754321
"GGGACTCGTTGCTAGT-1",2.9420125176098,1.43521086974316
"GGGACTCGTTTCGTTT-1",4.10477849737665,-0.203704102800552
"GGGACTCTCAATCAGC-1",-1.56575289472082,-4.03951819138354
"GGGAGATCAAGAATAC-1",-4.38181188806036,-2.06641657547778
"GGGAGATGTAGCGATG-1",0.296085177817553,-2.77878077225513
"GGGAGATGTAGGAAAG-1",0.384076564469546,-2.23123796181506
"GGGAGTAGTAGGAGTC-1",2.76787969366571,0.339065388871964
"GGGATCCCAAGGATGC-1",-1.65344360574225,-1.89757461743182
"GGGATCCCACAATGTC-1",-0.749448449454099,0.997464225723084
"GGGATCCCACCCTGAG-1",-5.16864088281134,-0.86487908558673
"GGGATCCCATGTCAGT-1",-2.75382736428717,-2.95305688576526
"GGGATCCTCCGCGATG-1",1.00533446566126,1.50639943881207
"GGGATCCTCTTCACAT-1",4.4685508896496,0.772751794292268
"GGGATGACACAACCGC-1",-0.906199962935239,-4.24568207459277
"GGGATGATCCTCGATC-1",0.981270520844668,-2.87146480278796
"GGGATGATCGGAAGGT-1",3.78319927946588,0.210751176907357
"GGGCCATCACAGTCAT-1",-2.19391086801031,2.74789588256055
"GGGCCATGTCAGATTC-1",-3.44149902566412,-1.88918883995837
"GGGCCATTCAACGCTA-1",-4.73992326959112,-0.152932478950683
"GGGCGTTAGACTCCGC-1",0.689997165360659,-3.3263006945116
"GGGCGTTAGAGTTGCG-1",-1.60608056291083,2.89723722739392
"GGGCGTTAGGCCATAG-1",-1.31957641347387,-1.15040202336139
"GGGCGTTGTCGAAGCA-1",-4.48649147256353,-1.72873933510608
"GGGCGTTTCAACTCTT-1",-0.201548614642412,1.73120515151196
"GGGCGTTTCTGCTAGA-1",-0.857072622618467,-1.88574571804828
"GGGCGTTTCTGGCCAG-1",2.88429567114374,3.40557806296521
"GGGCTACAGCCATCCG-1",-2.14582184060553,-4.14128668503589
"GGGCTACCACAATGAA-1",0.834356396355837,-3.83080346779651
"GGGCTACCACCGCTGA-1",-0.622452617726118,-4.54847557740039
"GGGCTACCATGTTACG-1",6.09944316641352,-0.0108807225686944
"GGGCTACTCGTACACA-1",4.48283502356073,0.505489991142091
"GGGCTACTCTCAACGA-1",-0.910330207190305,-3.90166194634265
"GGGCTCAGTATATGGA-1",1.2362750460293,3.38916747374707
"GGGCTCAGTGAGACCA-1",-0.894553632578642,-1.07793672280139
"GGGCTCAGTGTCTCCT-1",-1.47910359605292,-1.78864522175616
"GGGCTCATCATGAGGG-1",2.334161727586,2.60880510611707
"GGGCTCATCCATCGTC-1",-2.18007782205084,-0.379064514206115
"GGGCTCATCTCTGCTG-1",1.07600590483209,-2.60654480652637
"GGGTAGACACGAGAAC-1",0.776601462521761,4.08655135436231
"GGGTAGATCGGACCAC-1",1.83466204897425,4.22861115737134
"GGGTATTCAGGACATG-1",1.74141928450128,3.18697683615857
"GGGTATTGTAAGGTCG-1",6.15503522650263,0.235687182380494
"GGGTATTTCGAGAGCA-1",2.81971952215692,4.3460113267439
"GGGTCACCATATCTGG-1",-4.18577602609137,-1.1718440790636
"GGGTCTGAGCGTCAAG-1",-1.02267339929083,-0.789865090416137
"GGGTCTGAGGTGCCTC-1",5.47231504217646,-0.593287660644714
"GGGTCTGCACAACGTT-1",-1.14704933866003,2.1264170865553
"GGGTCTGCACACGTGC-1",3.34698268667719,4.84531943602734
"GGGTCTGCATGGAACG-1",6.08917066351435,1.43083171649152
"GGGTCTGGTACAGTAA-1",-1.44240942700842,2.03305809302503
"GGGTCTGGTACCAATC-1",-1.23131492837408,-4.46611244873828
"GGGTCTGGTAGACAAT-1",1.61447247759363,2.49563615126782
"GGGTCTGTCAGGAACG-1",-1.42759040101507,2.47964994712048
"GGGTCTGTCCTCTAGC-1",-5.86263969644049,-0.393230899141494
"GGGTCTGTCTCCCTAG-1",-0.531554252943784,-4.43054993347949
"GGGTGAAAGAGTGAAG-1",0.974234669366091,1.59923832221204
"GGGTGAACACCAAATC-1",0.039683638968676,-5.31285364823169
"GGGTGAACACTTGTCC-1",-2.82834509118536,-2.22707421974963
"GGGTGAAGTCTAGATC-1",-2.94588545068243,-2.27736551956958
"GGGTGAATCGCCATAA-1",-1.57863035901526,-4.27239973740405
"GGGTGTCAGAAGATCT-1",-4.08341887696722,-1.20721240238971
"GGGTGTCCACATACGT-1",-1.161523611388,1.22994713587933
"GGGTGTCGTATCACCA-1",-0.305002750000745,-3.49583990769214
"GGGTGTCGTGAGAACC-1",-0.633213014445097,-4.07323534684009
"GGGTGTCTCGAGTACT-1",1.50644561544916,1.9766618470686
"GGGTTATAGCAAACAT-1",3.97998163000604,-0.296698256300155
"GGGTTATAGGACCCAA-1",-1.92721095784643,-3.75400932030505
"GGGTTATCAAGACGGT-1",2.63329955832025,1.53991775317365
"GGGTTATGTTGGGCCT-1",-0.323652939042837,1.81038873000317
"GGGTTATTCCACGGGT-1",3.21849462286493,2.08468882842236
"GGGTTATTCCCATGGG-1",0.327124415793627,0.748210118247803
"GGGTTTACAAATACAG-1",1.26218923822901,3.88956897063428
"GGGTTTACATCTATCT-1",-2.07523551686743,0.438814179136094
"GGGTTTATCTATACTC-1",5.76750203863642,0.935223088695344
"GGGTTTATCTCCGTGT-1",-1.66417554124334,0.321032093002137
"GGTAACTAGCAACTTC-1",-2.7364530871723,0.463753060533341
"GGTAACTAGCTGTTCA-1",-2.38365367158392,0.819017456008729
"GGTAACTTCTTCGTAT-1",-6.04226520760992,-0.581267370746795
"GGTAATCCAATGGCCC-1",-4.95522716744879,-0.219656332300369
"GGTAATCCAGCCGTCA-1",4.52866336599848,1.84222512049847
"GGTAATCGTCCAAGAG-1",-1.61092594369391,-4.13625891403979
"GGTAATCGTGACTCGC-1",0.284282057442873,1.0427258471983
"GGTAGAGAGACCAGAC-1",-2.29295638307074,2.72095029158765
"GGTAGAGCAGACCGCT-1",0.0589546103861031,-4.57850582794971
"GGTAGAGCAGGAATAT-1",4.88856002584955,0.932089851333436
"GGTAGAGGTCCTCCAT-1",-1.52190438016394,0.629688904716309
"GGTAGAGGTGGCTGCT-1",-2.72698095544317,-1.1705230017168
"GGTCACGCAGGGCTTC-1",5.33401700750849,-0.626879646347228
"GGTCACGCATCAGCTA-1",-0.97634783490637,1.79957787795239
"GGTCACGTCAGCACCG-1",-0.592448652825147,-1.59877546028918
"GGTCACGTCATTGCGA-1",-2.88262799485663,-0.180770142839614
"GGTCACGTCGTCCATC-1",0.947497813859194,3.16676084799939
"GGTCTGGAGGATTTAG-1",-0.177725711009294,-0.808879746959869
"GGTCTGGCACAACGCC-1",2.74100109831354,3.88982455535107
"GGTCTGGCAGGTGAGT-1",-0.166895833900959,-2.03802950577563
"GGTCTGGGTTCGGCTG-1",-5.6906345198963,0.0404244769389296
"GGTCTGGGTTCTTGCC-1",4.25399371878168,-0.0907428850395119
"GGTCTGGTCACGAGGA-1",-2.70777466996649,-0.602367772625152
"GGTCTGGTCAGATTGC-1",-1.11621794208029,-0.395403160618011
"GGTCTGGTCGGTAACT-1",-0.393993617138654,0.0157554383414352
"GGTGAAGAGTAGCCAG-1",2.12113210455438,1.12036304278546
"GGTGAAGAGTCGCCCA-1",3.08392879263422,4.91292874617749
"GGTGAAGCAATAAGGT-1",1.4971826960232,3.49185411734753
"GGTGAAGCATCGCTGG-1",-1.22087183698156,-1.8431554575426
"GGTGAAGGTACGGTTT-1",4.47161027685663,0.904507921172913
"GGTGAAGTCACATACG-1",-1.68534353478888,-3.19616086678332
"GGTGATTGTGTGTTTG-1",-2.419340641341,2.54622309012586
"GGTGATTGTTCCTAAG-1",-0.591910869917661,-1.62097854809589
"GGTGATTTCGACACCG-1",-0.171014187029392,-2.85998256401843
"GGTGGCTCAAGAGTAT-1",2.15669056669733,2.90088097853833
"GGTGGCTCAGTGTGCC-1",0.360961406388491,-5.11182482437915
"GGTGGCTGTCGTATGT-1",-0.837918550810606,-1.03518088059253
"GGTGGCTGTCTTCATT-1",-1.44147268041113,-0.863071574733916
"GGTGGCTGTGCAGGAT-1",1.33464512125513,4.45808713240796
"GGTGGCTGTGCTAGCC-1",2.76306697622797,0.23059412939721
"GGTGTCGAGTGATCGG-1",-2.92089298470953,-1.03213210301227
"GGTGTCGCACGGTCTG-1",3.45781966940424,4.00045172972852
"GGTGTCGCATTGACAC-1",-3.27944830163458,-3.51062829689807
"GGTGTTAAGCTGTTAC-1",1.16933247343561,4.20105616851025
"GGTGTTAAGTGGTGGT-1",3.2107269455578,4.65679614348584
"GGTGTTAGTGGAAGTC-1",1.89348432318231,3.14834563536816
"GGTGTTATCCATACAG-1",1.5951161076214,4.55856530471021
"GGTGTTATCGTCCATC-1",-2.87805131181219,-0.652875675724212
"GGTGTTATCTACCCAC-1",-6.03895881875494,-0.717778875396911
"GGTTAACAGCATCGAG-1",0.684916763463229,3.32488457961255
"GGTTAACAGCGATGGT-1",-0.141861223718912,-0.0946477790338433
"GGTTAACAGTCGGCCT-1",1.40111049906275,2.11067502303296
"GGTTAACCATCCGTTC-1",-2.63243463738897,2.09189193053418
"GGTTAACGTAAGTTAG-1",-3.40322783692816,-3.40095837311572
"GGTTAACGTATGATCC-1",4.77017804876825,1.83324734969312
"GGTTCTCAGACATCAA-1",-1.67036369546393,1.49935226245099
"GGTTCTCAGCGAACTG-1",-0.374516219935209,1.15967051787549
"GGTTCTCCAAGACCTT-1",2.85218974844477,4.18143956465894
"GGTTCTCCACCAGACC-1",0.873984186806887,1.11252407832318
"GGTTCTCCAGCTCCTT-1",5.75194665686151,-0.103401898310844
"GGTTCTCCAGTTGGTT-1",-1.81580320104101,1.4032121161955
"GGTTCTCGTCGGTAAG-1",2.48897930876276,4.12766616149121
"GGTTCTCTCAAACTGC-1",0.0695732970621285,-4.66403849320239
"GGTTCTCTCCGGACTG-1",-0.21885099365452,-4.92757828430957
"GGTTGTAAGTTGGAAT-1",-3.94820121034125,-1.56230564312762
"GGTTGTACAGCCGTCA-1",2.5774798084881,3.23586742682629
"GGTTGTACAGTCGAGA-1",-0.00594044580200345,1.9755359153288
"GTAACACCATGACTGT-1",-2.19682219727972,-2.86659009651965
"GTAACACTCACCTTAT-1",-2.11638465627173,2.69898192687207
"GTAACACTCTTCGGTC-1",0.0707844634439644,3.61927668852979
"GTAACCAAGAACGCGT-1",3.10404345289728,3.02702467246228
"GTAACCACAAGCGATG-1",-1.96771040662268,-3.95669253067798
"GTAACCACAGTTGAAA-1",3.26127859846613,5.09523455901318
"GTAACCAGTCAATCTG-1",-1.58518126710394,-1.54315586285419
"GTAACCATCATGGGAG-1",2.22616645590326,3.00915829940015
"GTAACCATCGAAGCCC-1",1.25837167994043,4.4138447503584
"GTAACCATCGATACGT-1",-4.0887685130451,-1.28206451134509
"GTAAGTCAGAGTTCGG-1",-1.91307202084997,-2.61584098534412
"GTAAGTCCATCCTTGC-1",-1.3743046830509,-3.76810128884143
"GTAAGTCCATGACGTT-1",-4.10697534783819,-2.28695733742541
"GTAAGTCGTCATAACC-1",0.191513179698199,-0.185434861944381
"GTAAGTCGTTGCGAAG-1",4.27018758551142,2.9388417462843
"GTAAGTCTCGCAGTCG-1",3.74348208204767,0.522149191333588
"GTAATGCAGTGAGTTA-1",0.998198836007327,3.65150897307568
"GTAATGCCAGCATTGT-1",1.19620916143915,-3.08844645218677
"GTAATGCTCGTGGCGT-1",4.64242717520258,0.673325167133149
"GTAATGCTCTCCTGAC-1",-5.15207842095831,-2.14488537506885
"GTACAACAGATGAATC-1",2.47329828039667,2.26023189826184
"GTACAACAGTATGAAC-1",0.266947715440005,0.360705242587861
"GTACAACCAGGTGAGT-1",0.595552830853671,-2.61817724900073
"GTACAACCATAGTCGT-1",-2.39923980935553,-3.46422941880054
"GTACAACTCCCATGGG-1",3.39865299955866,2.78093831343823
"GTACAACTCTGGCCGA-1",-2.47966888650397,1.83670406146222
"GTACAGTCAAGATTGA-1",2.73699733511469,4.23181407256299
"GTACAGTCACTCCGGA-1",-0.725287170252592,0.937526510192689
"GTACAGTTCAACGAGG-1",0.317347138085574,-4.61678059296435
"GTACAGTTCGAACCTA-1",2.58686682478449,4.44678752227002
"GTAGAAACACATGTTG-1",6.18802615896723,0.0493202380395049
"GTAGAAATCGACCTAA-1",-1.6037524054859,-4.22240431504077
"GTAGAAATCGGTATGT-1",-0.643157691798002,1.81393282218152
"GTAGAGGAGAGGGTGG-1",-0.593581439099104,-3.79643185334033
"GTAGAGGAGCGTACAG-1",-0.25440278752783,-3.0911236544115
"GTAGAGGAGGGCAGAG-1",-0.688937814078123,-5.01234419541186
"GTAGAGGAGTATGTAG-1",-5.15580871804693,-1.22434444622821
"GTAGAGGCACTAGGTT-1",-0.941973538241178,-3.12700278954333
"GTAGAGGCAGGCTACC-1",3.23416134611627,0.800952957107362
"GTAGAGGCATCTTCGC-1",-3.84640267594793,-3.50499112801379
"GTAGAGGGTAAGATCA-1",2.95832201735041,3.40217797560864
"GTAGAGGTCTGAGGTT-1",3.32024165884516,3.3349656323927
"GTAGATCAGGTCGAGT-1",5.23558589712641,-0.236789329813186
"GTAGATCCACTATGTG-1",-2.86972215875128,-3.54311998085803
"GTAGATCCAGAGTCAG-1",-1.53286424382666,1.23490481181317
"GTAGATCTCTCGCCTA-1",5.08630964056513,-0.688540591762725
"GTAGATCTCTTGGTCC-1",5.19369575277826,1.23961190982037
"GTAGCTAAGCCACCGT-1",-5.8786638091419,-0.24220441179103
"GTAGCTACACACGTGC-1",-1.49805072053412,-3.64869768814868
"GTAGCTAGTAATGCGG-1",-1.50557676061133,2.54299251837903
"GTAGCTAGTAGGGAGG-1",-2.12225201829413,0.0145934048133457
"GTAGCTAGTTAGAAAC-1",3.61730500952265,3.27539460463696
"GTAGGAGTCTCCATAT-1",5.71725389257929,1.30319480700665
"GTAGGTTCACTGGCCA-1",0.957204668679446,-4.2016075392229
"GTAGGTTCATGAAGGC-1",1.76343843237421,2.46533696456128
"GTAGGTTGTAGACGGT-1",-4.85966518624762,-0.181591569350425
"GTAGGTTGTCATGGCC-1",0.593737988629549,-4.02588970856494
"GTAGGTTGTTCTCACC-1",-0.796136529288084,-0.793038620517913
"GTAGGTTTCCCTCATG-1",-2.07416120275,1.65222017569714
"GTAGTACAGATTACCC-1",0.364926158347338,3.15878717703992
"GTAGTACAGCTCAGAG-1",-2.10432663663366,-3.71662981705493
"GTAGTACAGTAGTCCT-1",-0.356993020615369,-5.28129370407886
"GTAGTACGTCTCACGG-1",-2.66086247666815,1.99667076869183
"GTATTGGAGCATTTCG-1",0.194428293862551,1.01513449950391
"GTATTGGAGTTCACTG-1",-0.253056296250612,-2.33047635750598
"GTATTGGCAGCAGTTT-1",-2.23674729569891,1.63532380862409
"GTATTGGGTACTCAAC-1",2.38123580709955,4.0026971559065
"GTATTGGTCATCGGGC-1",5.15568944708368,0.605157063438233
"GTATTGGTCATTCGGA-1",1.20660349623224,2.64244143767529
"GTATTGGTCGAGAGCA-1",1.16475412146112,4.05900971694165
"GTATTTCCACGAGGAT-1",-5.34618452294806,-0.935944332645599
"GTATTTCCAGAAGTTA-1",0.436695425667971,2.34159819884473
"GTATTTCTCACTGCTC-1",-2.02409961923102,-3.77919156746692
"GTATTTCTCCAGTTCC-1",2.48400208250543,1.01660780711346
"GTCAAACTCCGAGATT-1",-0.347350002369672,1.95292620463544
"GTCAAGTAGTGAGCCA-1",-5.22230270608404,-1.82541353897876
"GTCAAGTCAAGAGTAT-1",-5.35714367135504,-0.66782589154071
"GTCAAGTCATTACTCT-1",-2.87663462861517,1.28456334872418
"GTCAAGTGTCTGTGAT-1",-0.0718825544331375,-2.17646630005664
"GTCACGGGTCTGTGCG-1",-0.961369128069669,1.32198004527264
"GTCACGGGTGCTTATG-1",-2.38551595910528,-2.45438559250659
"GTCACGGTCGAATCCA-1",-2.13553717835882,1.87331239981824
"GTCACTCAGGACTATA-1",2.43607374922296,2.240545914604
"GTCACTCAGGTGCTGA-1",0.962597220101565,1.78998510642224
"GTCACTCGTACCCGAC-1",4.92192909018061,0.568292842342194
"GTCACTCTCCGATCTC-1",-2.72493651612738,0.662999616100129
"GTCACTCTCCGGTAGC-1",3.02865669027826,2.22831337256604
"GTCACTCTCCTACGGG-1",2.28648492590448,2.46269171042615
"GTCACTCTCGGCTCTT-1",5.51349088446161,1.78952090544873
"GTCAGCGCAAGGATGC-1",0.622213034787386,-3.31333143906421
"GTCAGCGCATGGGTTT-1",5.11935016409418,-0.762014522121612
"GTCAGCGGTATGAAAC-1",2.58521863714716,4.93578927321607
"GTCAGCGTCCGAGATT-1",-3.05205682023504,-2.84249289231128
"GTCATCCAGCTCGGCT-1",-3.90944174035528,-3.8614033003313
"GTCATCCGTTCCTTGC-1",-0.769054205260069,-4.88708527283496
"GTCATCCGTTTGCCGG-1",3.02017447248957,3.62271134658032
"GTCATCCTCATTGCCC-1",-1.90419343217352,3.04320375724011
"GTCATCCTCCCTTGTG-1",-1.6613433669422,0.757462785674866
"GTCATCCTCGTCGGGT-1",0.681190281071871,3.44219891829663
"GTCATGAAGAGGTCAC-1",2.37585517660639,2.35430733962232
"GTCATGACAAATGGTA-1",3.49259111181757,0.9285873035925
"GTCATGAGTGTATTCG-1",-2.1611984084461,-0.771997227237884
"GTCATGATCATTCGTT-1",-1.52219727738836,-1.9279623766405
"GTCATGATCCGCTGTT-1",1.67036530272028,4.90546910567456
"GTCATTTAGTTATGGA-1",-2.40824130280951,1.59074775977307
"GTCATTTCATGTTACG-1",-2.20766714318731,3.03420107169324
"GTCATTTGTTAGCTAC-1",0.0458871562864479,-5.42488796906299
"GTCATTTTCGGTAGGA-1",-3.63580611451605,-3.30627782540149
"GTCATTTTCTACTTCA-1",-1.43410101636389,2.29801170630628
"GTCCACTAGATAGCAT-1",-3.21906736596564,-1.6562453051073
"GTCCACTAGCAAATCA-1",0.357104747452944,-4.95090277390308
"GTCCACTCACACTGGC-1",5.88811275259516,1.65986590190106
"GTCCACTGTGACTCTA-1",3.18680307165644,0.411356256439027
"GTCCACTTCACTGGTA-1",2.3849737335827,1.15529923243695
"GTCCCATAGGCAGCTA-1",-1.49261680348852,3.11274664206677
"GTCCCATCAAGTATCC-1",-0.229649827918798,3.99072758956128
"GTCCCATCATGAGTAA-1",-0.228611969492227,-4.78268177704639
"GTCCCATTCCATGAGT-1",-5.00173309548834,-1.01079554753131
"GTCCCATTCCTCACCA-1",-0.935518951258451,-4.60149462418384
"GTCCCATTCGCATGAT-1",0.891519396462649,4.15646903319531
"GTCCTCAAGACGGTCA-1",-0.537885905346662,2.56582729621106
"GTCCTCAAGTATAACG-1",-0.199962467989713,-0.0688447047931588
"GTCCTCACAAAGCACG-1",-1.01770386203268,-0.947045280502502
"GTCCTCACATGTTCAG-1",5.63478824392816,1.81790249152356
"GTCCTCAGTCCTGGGT-1",5.80045291677973,-0.319021715686981
"GTCCTCATCAAGTCTG-1",-1.72744074567297,0.0838113660948837
"GTCCTCATCGCAGTGC-1",4.39195558325312,0.526074693633851
"GTCCTCATCGTTCATT-1",5.98057386175653,1.96787338061505
"GTCGAATAGAAACCAT-1",-2.53843000634649,-0.96295745568103
"GTCGAATAGAGCCTGA-1",-0.75077638133505,-1.02956075863666
"GTCGAATAGAGGGTAA-1",2.46426340834162,3.4766196469801
"GTCGAATAGGTAGACC-1",-0.20671798392275,-1.17709965901202
"GTCGAATGTCCTCCAT-1",2.39210817114374,5.06144778533154
"GTCGAATGTCTAGGCC-1",-0.584578097901136,3.50564305586987
"GTCGAATTCACTGGTA-1",5.38657399908563,1.67385439677411
"GTCGAATTCAGAGCGA-1",4.99975225225946,-0.584985866115752
"GTCGAATTCGAGCCAC-1",-6.04319551690558,-0.75083483652896
"GTCGAATTCGGACCAC-1",-1.87763622506598,2.40640513701611
"GTCGCGACAATCAAGA-1",0.517762928166598,-2.90817864136523
"GTCGCGAGTCAAGGCA-1",2.59926792875788,4.25324170394116
"GTCGCGATCAGCACCG-1",3.20294091002008,2.78779833121472
"GTCGCGATCCTACTGC-1",-1.87916877969244,-2.55192358689136
"GTCGTAAAGCATGTTC-1",0.0113702704097924,-3.77618510918445
"GTCGTAAAGCGAATGC-1",-0.230050594649107,1.1491072635191
"GTCGTAAAGTCTGTAC-1",0.745131819405764,-3.3286450643999
"GTCGTAACATGGAAGC-1",-2.95924094422796,-0.927042498157684
"GTCGTAAGTACGAAAT-1",2.960875241914,1.39967005057507
"GTCGTAAGTTCGGTTA-1",0.262928753056734,1.06387047572308
"GTCGTAATCACTTGGA-1",-0.145805602996439,2.04939954085523
"GTCGTAATCGGCATAT-1",3.26984760061762,3.52099816603833
"GTCGTAATCGTAGGGA-1",-2.34963086350897,-3.32473285393542
"GTCGTTCAGCGTCTGC-1",-1.04865262015799,2.17622558875256
"GTCGTTCAGTTGAAAC-1",2.61531159178278,1.30685536666089
"GTCGTTCCATTGCCTC-1",4.96748277441522,1.93161027236157
"GTCGTTCGTGCAACAG-1",3.06278392569086,3.4973830441969
"GTCGTTCGTGGCAACA-1",-0.641107232413084,0.693276927902039
"GTCGTTCTCATAGGCT-1",1.22095069185755,-3.52960856156177
"GTCTACCAGGGCGAGA-1",4.65792581335565,-0.242100342081252
"GTCTACCAGGTAAGGA-1",-0.562393845162183,1.92624108596021
"GTCTACCAGTATAACG-1",-0.15522958255449,2.4309026460188
"GTCTACCGTAAGGCCA-1",-0.924193532309324,-1.7353605766756
"GTCTAGAAGTGGTTGG-1",-3.09591534837225,0.097517282797631
"GTCTAGACAATTCTCT-1",-2.42596677049139,2.86844818396741
"GTCTAGATCCTTGGAA-1",1.80111059443018,2.29185359282666
"GTCTCACCAAAGGGTC-1",2.73846337095758,5.03402392668897
"GTCTCACCAGACTGCC-1",0.321820436873644,-4.93300087647266
"GTCTCACCATATAGCC-1",-1.31052520974615,1.17342142863446
"GTCTGTCGTATTTCGG-1",-0.647858054480344,-1.26337213711566
"GTCTGTCGTTCGTAAC-1",-0.505573541960508,-4.04483301834888
"GTCTGTCTCTCTTAAC-1",5.11468002096674,-0.915935530231658
"GTCTGTCTCTTACCGC-1",-0.513987691244871,-0.0531612177354729
"GTCTTTAAGAAACCAT-1",-2.72895792230108,-3.75715239243335
"GTCTTTAAGTAATACG-1",2.46852561728021,3.68565408988171
"GTCTTTATCGGCATTA-1",-1.62925472959021,3.06602732939893
"GTGACGCAGGTTGAGC-1",-2.69564679368475,-0.590477361248199
"GTGACGCAGTTAACGA-1",-2.48572447999457,-0.386054857538406
"GTGACGCCACTTCATT-1",2.97666045919916,4.60939185424024
"GTGACGCGTGTCTTCC-1",-2.03444853528479,2.10628931327039
"GTGACGCGTTTCGATG-1",5.37665292517206,-0.707885100410644
"GTGAGCCAGGGCGAGA-1",5.48897144094965,1.68651263518506
"GTGAGCCCAATGGCCC-1",-1.12315312131384,-0.985674454734985
"GTGAGCCGTTAGGAGC-1",1.72282704607508,4.36040370268994
"GTGAGCCTCCGGCAAC-1",0.518999903359621,2.383448050453
"GTGAGGAAGTCTCGTA-1",1.49838146463892,3.42052571578198
"GTGAGGAAGTGAGCCA-1",-0.12039246047923,-2.05834849076099
"GTGAGGACACCTAAAC-1",5.36063453451654,1.94959621234113
"GTGAGGATCATGCAGT-1",2.97881433264276,3.88309066100293
"GTGAGTTAGCGCCATC-1",-0.539050758919508,1.1799123744505
"GTGAGTTAGGGCTTCC-1",-0.118093804559499,-4.97637684540576
"GTGAGTTAGGTTGACG-1",-1.07260248168448,1.39392738146954
"GTGAGTTAGTCGAAGC-1",5.99128648535272,1.75850252909833
"GTGAGTTCAAAGGGCT-1",-1.77728834851721,-0.398342295454208
"GTGAGTTGTAACGCGA-1",-0.986003787359983,-4.89541275696582
"GTGAGTTGTGGCTGAA-1",2.5017335106518,2.66438691420728
"GTGAGTTTCATCACAG-1",-2.52466729386786,-0.176685630248252
"GTGATGTAGACCATAA-1",3.34006044165155,3.49082629485303
"GTGATGTAGAGAATCT-1",-1.39577272637823,-3.3265813131792
"GTGATGTAGTACGAGC-1",5.49735709921381,0.866803334190186
"GTGATGTAGTCAGCGA-1",0.0074103762294945,-3.83567555146045
"GTGATGTCATCAGCAT-1",3.69982644812128,0.355432943536576
"GTGATGTGTAAGATCA-1",5.27779123083612,1.48089473052197
"GTGATGTTCACTGGTA-1",2.79801270262262,3.04487340254956
"GTGATGTTCGCCACTT-1",-1.68573322995642,-1.26164515213794
"GTGATGTTCTGCCTCA-1",-0.308692352018148,1.49962084098035
"GTGATGTTCTTTCGAT-1",-2.47091892465094,0.179870114757355
"GTGATGTTCTTTGCAT-1",0.351786672034472,-3.34527046875781
"GTGCACGAGCTCACTA-1",-0.620280475458891,-4.03197844223804
"GTGCACGAGTGCTAGG-1",2.04927393690607,4.08355347914868
"GTGCACGCATGTGTCA-1",-0.532062769970686,1.29270796580487
"GTGCACGGTACCTGTA-1",-1.35130229695776,1.52862613005811
"GTGCACGGTTATAGAG-1",0.794703810372561,4.13685481352979
"GTGCACGTCACCCTGT-1",-2.82638982041815,-2.76206715302295
"GTGCACGTCCGTGGCA-1",0.119091956773013,0.434271381332215
"GTGCAGCAGCATCCTA-1",-2.63244608148077,-2.43829996781177
"GTGCAGCGTCCAGCGT-1",-1.62542942269781,1.54249875350171
"GTGCAGCGTTGTATGC-1",-1.5804347108219,1.38553850455457
"GTGCGTGAGTGCCTCG-1",3.98658677832147,0.458382860853013
"GTGCGTGTCAGAACCT-1",0.376914053120821,-2.26004893975085
"GTGCGTGTCCACGTCT-1",0.216407238402575,-3.3109517832262
"GTGCGTGTCGGATAAA-1",-0.565042705378324,1.72467522425824
"GTGCTGGAGTGCGACA-1",0.835029392399996,2.68715588851148
"GTGCTGGGTCATCCCT-1",-3.82173374398688,-3.99387295441455
"GTGCTGGGTTGGGCCT-1",4.25746890799066,-0.206700607107345
"GTGCTGGGTTTCGTGA-1",-3.46845296128729,-2.58093197541064
"GTGCTGGTCTAAGCGT-1",-2.2673197100971,2.97261230750256
"GTGCTTCCAAGTGCAG-1",3.05839273230097,3.35634343428784
"GTGCTTCGTAATCAGA-1",-3.51589778169134,-0.927056266830627
"GTGGAAGAGAGAGCCT-1",-1.41483035787085,-0.238259686992828
"GTGGAAGAGATTAGCA-1",-0.774778277716428,0.111613133086499
"GTGGAAGAGCGACCCT-1",-0.764803559622556,-1.87946016983813
"GTGGAAGAGTATGTAG-1",2.51831862226984,0.63721983237439
"GTGGAAGCAACAAGAT-1",-2.27170589669684,-2.96983440117664
"GTGGAAGCACTCATAG-1",-5.09421613915899,-0.0976714034540093
"GTGGAAGTCCAAGCTA-1",-0.699991018614561,0.289194167687234
"GTGGAGAAGATGAATC-1",0.647291212239474,-2.32060201363391
"GTGGAGATCACTCGAA-1",2.27242371336481,0.496411548091706
"GTGGCGTAGAAATGGG-1",-4.54539421304205,-1.13107104496783
"GTGGCGTAGGTGATAT-1",-1.92875650628546,-1.67859335141009
"GTGGCGTAGTTAGAAC-1",-0.172215943327934,-2.80409033493823
"GTGGCGTCAACAGCTT-1",-1.14489653810003,-2.97648723320789
"GTGGCGTCACTACAGT-1",4.57420846716425,0.472095088197526
"GTGGCGTGTACCCAGC-1",0.00710791245958178,-2.55953653054065
"GTGGCGTGTAGGTCAG-1",0.868149607339114,-3.20864589409656
"GTGGCGTGTGATTAGA-1",-5.23668745263556,-0.922472192810241
"GTGGCGTTCAGGACGA-1",-1.5790645192478,0.792355046703156
"GTGGGAATCCGCAGTG-1",-0.730784745058805,1.32779805464917
"GTGGGAATCGAGATGG-1",-1.96275749906042,-1.61354739861316
"GTGGGAATCGCTCTAC-1",3.36944815413019,4.2384125451582
"GTGGTTATCCACGTAA-1",4.2936880280163,-0.0286472876531518
"GTGTCCTAGGACTATA-1",-1.29334691270331,1.52121894164258
"GTGTCCTAGGCTAGCA-1",-1.14798966153601,1.74278108878308
"GTGTCCTCAGATCACT-1",1.12631854311487,-3.65367872910327
"GTGTCCTGTAGGCAGT-1",1.90824457899591,4.22506301207715
"GTGTCCTGTTGAGAGC-1",-3.51238826020697,-3.55480630593127
"GTGTGATAGGATACAT-1",-2.384344131789,-2.20697505669421
"GTGTGATCATGACGAG-1",3.02334949270746,3.19193379683667
"GTGTGATGTGCGTTTA-1",1.4164040972378,2.94591324134045
"GTGTGATTCAGTGATC-1",6.19697925344965,0.135088184012707
"GTGTGATTCCCATAAG-1",3.21645900503656,4.58849112792188
"GTGTGATTCTGTGTGA-1",0.939627139725893,-2.9655018587572
"GTGTGGCAGGAGACCT-1",1.25096771017572,4.51228682799512
"GTGTGGCCATAATCGC-1",-5.2690184424732,-2.02301700310535
"GTGTTAGAGACTCATC-1",-1.46427908643225,0.710091696216401
"GTGTTAGAGTATGATG-1",5.63898536459467,0.0922078835802639
"GTGTTAGGTCCCGCAA-1",-3.20838025315741,-2.75685675339526
"GTGTTAGGTGCTATTG-1",4.24522468344232,0.0341858035909498
"GTGTTAGTCATTACTC-1",-3.98908332093695,-1.47058196263141
"GTGTTCCCACGACAAG-1",4.95023938910028,1.1080848435896
"GTGTTCCGTCGCGTCA-1",-0.236639672062189,-1.700545384453
"GTGTTCCGTTGTTTGG-1",-4.76002624734381,-0.289438857601348
"GTGTTCCTCATCACAG-1",4.70032331244013,1.12441723151379
"GTTACAGAGGCACAAC-1",2.94582053915521,1.79707722468549
"GTTACAGGTCGGTAAG-1",2.62393829123041,2.63072507186108
"GTTACAGTCGACGCGT-1",-0.989872367224485,2.78921286864453
"GTTACAGTCGTAGCTA-1",4.96347543493769,-0.127831815646354
"GTTACCCCAATAGAGT-1",2.12185713545343,3.86059849066907
"GTTACCCCACCGCTAG-1",-1.15456166966894,3.20631782813245
"GTTACGAAGAATGTTG-1",-2.86624911530951,-2.49713070587939
"GTTACGAAGAGCAAGA-1",-1.21165195210913,2.00006227297955
"GTTACGACACGATAGG-1",-1.89457848771551,1.51634983821088
"GTTACGACAGCCCACA-1",3.12885710493585,3.97225777907544
"GTTACGAGTCCTCCAT-1",-3.67092111810187,-3.61392862992114
"GTTACGAGTTGGGACA-1",-0.454309941372663,-2.04201848702258
"GTTACGATCCACACAA-1",2.39364978567621,3.19917719168836
"GTTACGATCCTGTACC-1",-5.10302093728521,-0.834365441368285
"GTTAGACAGCACGGAT-1",3.42232653395197,2.67922465605908
"GTTAGACCACAGAAGC-1",1.10731550947687,2.58438699050122
"GTTAGACCACTTCCTG-1",-0.123589704382062,-2.89485318856067
"GTTAGACCACTTGAAC-1",0.881489603677004,-2.83803279595203
"GTTAGTGAGAAGCGGG-1",0.716905622639864,-4.68355829911059
"GTTAGTGAGATGATTG-1",4.94964334265253,1.7497411231535
"GTTAGTGAGCCTTTCC-1",0.000401466050356319,-2.16644628243274
"GTTAGTGGTCGATTTG-1",-3.86355140908697,-2.31205446915454
"GTTAGTGTCCTTCGAC-1",-3.83506372674444,-2.25759751992053
"GTTATGGAGACACACG-1",0.0684106041576561,0.136484147145089
"GTTATGGAGGTCGTAG-1",-1.62196472390631,-0.679993881748382
"GTTATGGAGTTCCATG-1",-5.57071188195685,-1.6371202011568
"GTTATGGGTAAGGCCA-1",3.02515026823541,3.68213956160718
"GTTATGGTCCGGACGT-1",5.87485095755121,1.39552585883313
"GTTATGGTCGACTCCT-1",-0.505615801653654,-4.40692694382495
"GTTATGGTCGCATGAT-1",0.938056676545351,2.82423417372876
"GTTCATTAGGGTTGCA-1",-2.09173110230902,0.986235723926362
"GTTCATTAGGTAGACC-1",-1.25759080155829,-3.12784464554614
"GTTCATTCATACCACA-1",-1.08241990312079,-4.15951807694263
"GTTCATTGTGCTGATT-1",-1.14205482705572,-3.92770965294665
"GTTCGCTAGACCAGCA-1",-4.97831228478888,-0.222026034162704
"GTTCGCTAGTTAACAG-1",4.7008359123852,-0.689217998550597
"GTTCGCTCATACAGGG-1",-1.68709853394964,1.05569522185498
"GTTCGCTGTAAGTTGA-1",3.74239060179254,0.141617016031083
"GTTCGCTGTCTACGTA-1",2.66899368063471,1.63339869780713
"GTTCTATAGGTCGACA-1",3.87932512060663,1.40333156390363
"GTTCTATCAACACGAG-1",2.34536287085077,5.16527049346143
"GTTCTATCAGGTACGA-1",4.79521629110834,-0.785748853252593
"GTTCTATGTGTGTGTT-1",-2.36512187226751,-3.82393963532275
"GTTCTATTCCAATGCA-1",2.65220543638727,3.55655162139111
"GTTGAACAGCTGCCTG-1",1.64103242651483,1.59879557891065
"GTTGAACAGTGCGCTC-1",1.41604956881067,3.39902608199292
"GTTGAACCAAGTCATC-1",-2.64161875947455,2.51106278701001
"GTTGAACGTTCCATTT-1",2.54196569220087,2.87453501029187
"GTTGAACTCACGAACT-1",-1.25416281922796,-2.52103073792285
"GTTGAACTCAGTGCGC-1",4.3623292137768,1.00085602803403
"GTTGCGGTCAGTGTTG-1",2.55527827040216,4.94257848067456
"GTTGCGGTCCTACGAA-1",4.87745401159784,1.02833633227521
"GTTGCTCAGGGCCCTT-1",-1.95460131867865,2.79990141196423
"GTTGCTCCACATTCGA-1",-3.06018427117804,-3.82569248871631
"GTTGCTCCACATTGTG-1",-0.288001448950559,-3.50273282723254
"GTTGCTCCAGAGAATT-1",-1.27693322404364,-2.27072627739734
"GTTGCTCCAGTCCCGA-1",2.25965616003534,1.76307337088757
"GTTGCTCGTCACTCTC-1",2.84157940641901,4.57219569487744
"GTTGCTCGTCTTGAGT-1",3.89215442434809,0.768735573722657
"GTTGCTCGTTAAACAG-1",2.84059306875727,4.46783797545606
"GTTGTAGAGGCGAACT-1",-1.29821065171698,-1.61633129315204
"GTTGTAGAGTAGGAAG-1",3.43210288778803,0.539621637298402
"GTTGTAGCAATGTGGG-1",0.0232964892770943,3.50344722075635
"GTTGTAGCACCAATTG-1",-0.159585331669838,-4.1333587904436
"GTTGTAGCAGTAGAGC-1",4.89036247030756,1.43866531653577
"GTTGTAGTCACGGACC-1",-2.63848188622931,-2.77469880776233
"GTTGTAGTCAGTGTGT-1",-1.64223173364142,-3.67215306954211
"GTTGTAGTCGGAGTGA-1",5.10695907370111,1.74045853419476
"GTTGTAGTCTAGTGTG-1",5.37284919516107,0.124440127147969
"GTTGTCCAGTGCAGGT-1",0.233245908179491,-3.77900417046374
"GTTGTCCCAGCTAACT-1",0.319714813389986,-2.90231569008655
"GTTGTCCCAGTTAGGG-1",1.63557323709986,4.17080991072827
"GTTGTCCCATATGCGT-1",-5.77264002068976,0.151680425836381
"GTTGTCCGTCTAATCG-1",-0.394560934147626,-3.76370532707996
"GTTGTCCTCTTCGCTG-1",-3.86765077813605,-1.90346379475421
"GTTGTGAAGAGAGTGA-1",-1.01093837722281,-1.90645213322467
"GTTGTGAAGTTCCGTA-1",0.89795169130823,-3.36149008469409
"GTTGTGACACGCCAGT-1",-0.661734373411924,-3.47244913773364
"GTTGTGACATATCTCT-1",-1.09799215301016,-1.45125909046954
"GTTGTGATCGGCCCAA-1",-5.43561485513189,-2.12047560410327
"GTTTACTAGCAAGGAA-1",2.02757498518488,1.66598467631513
"GTTTACTCAGCGTTGC-1",-0.776978761992246,-4.43816311554736
"GTTTACTGTCTACGAT-1",3.29004594580194,2.38510267539197
"GTTTACTGTTACAGCT-1",-0.104555201819927,-4.43748171524829
"GTTTACTGTTGCCATA-1",1.15741571680567,3.58387605948621
"GTTTACTTCATTCCTA-1",-2.93705013497809,-3.00950176911182
"GTTTGGAAGCTGCCTG-1",3.982031076112,0.872287795974549
"GTTTGGAAGGTGCAGT-1",-3.48612621530035,-3.3697086115343
"GTTTGGAAGTCATCCA-1",-2.74556329949835,-3.63864906029529
"GTTTGGAAGTGCAGGT-1",-2.32342842324713,-1.91346020893878
"GTTTGGACAAATGCTC-1",-0.778140814146787,2.2949208478468
"GTTTGGACAAGCGGAT-1",-3.12349751695135,-1.4565656919939
"GTTTGGACAGCTCGGT-1",-0.773033768973142,2.42911212248975
"GTTTGGAGTATCGGTT-1",-1.43002954228857,-3.85202224449939
"GTTTGGATCAAACGAA-1",-0.543716431698591,2.1731745461958
"GTTTGGATCCAAGCAT-1",-2.25687721475104,-0.645200504825774
"TAACACGGTACGCGTC-1",0.801369874634951,1.75143329901868
"TAACACGGTCTGCCTT-1",2.61404582754633,4.75676934523755
"TAACACGTCGATTCCC-1",1.41700109735987,2.06672065062695
"TAACCAGAGCCTCAAT-1",4.30855962530634,1.85602061553174
"TAACCAGCAATAGTGA-1",-0.478209734997541,0.640319869949158
"TAACCAGCAGTAGTGG-1",3.35038635031244,0.622807906104859
"TAACCAGGTGGGTTGA-1",3.76663109556696,2.73687379164868
"TAACCAGTCCACTGAA-1",-2.39966634019354,-2.52295334534473
"TAACGACAGAGGATCC-1",-6.0093543837879,-0.936510755584899
"TAACGACCACTCCACT-1",6.16239663855097,-0.319643094108764
"TAACGACGTAAGGAGA-1",-0.906141013941557,-1.35169406132526
"TAACGACGTCGCGGTT-1",0.748649506726473,3.22911398215466
"TAACTTCAGAGGGTAA-1",3.0999521900799,2.8227745751875
"TAACTTCAGTGGTGGT-1",5.15248605505487,0.871575699283417
"TAACTTCAGTTACGAA-1",-2.193750173888,-1.64893384175128
"TAACTTCGTTAACAGA-1",0.197267710128039,0.72728799386197
"TAACTTCTCGCATAGT-1",1.43565997377893,1.72588305277997
"TAAGCACCAATAGTGA-1",-2.74761870606878,1.49698071284467
"TAAGCACGTGCGGTAA-1",2.83165785566828,5.2125770310896
"TAAGCACGTGGTAATA-1",-5.43179348214605,-1.34402628140277
"TAAGCACTCAAACGAA-1",3.09456679121515,4.1279093484419
"TAAGCACTCCAAGCAT-1",1.75332912699243,2.17466537757092
"TAAGCACTCGTAACCA-1",4.02290221945307,0.104609285576876
"TAAGCCAAGGGTTAGC-1",0.0956389446642098,2.00516383452588
"TAAGCCACAGAGTTCT-1",-1.83756974442938,-4.45349009232349
"TAAGCCACATAAGCAA-1",2.18048712507746,2.60262768073254
"TAAGCCACATCATCTT-1",-2.38769725068548,1.32793538375073
"TAAGCCAGTGACATCT-1",0.704176335492342,-2.89684755997485
"TAAGCCATCGGTAAGG-1",-0.481110663256437,1.19739918513471
"TAAGCCATCTTCGGAA-1",2.88373300329706,2.01225809855634
"TAAGCGTAGCAGTAAT-1",-4.66751793130377,0.0150772101270521
"TAAGCGTCAGCTATAC-1",-0.624420196852476,-0.339155807064239
"TAAGCGTCATCGAACT-1",0.243225394644946,-2.07069881157703
"TAAGCGTGTCTACGAT-1",-2.21530082925299,-3.40084440903491
"TAAGCGTTCACTTATC-1",0.195238380589693,-3.97525580124683
"TAAGCGTTCCTAGCTC-1",0.154940306105822,-2.04087026314563
"TAAGTCGCAAAGCACG-1",1.58980414167902,1.9113166789549
"TAAGTCGCAATTTCCT-1",-0.758727640948087,-1.00294680790729
"TAAGTCGCAGATCATC-1",0.922603457131594,-4.10852463440723
"TAAGTCGCATGGAACG-1",0.0704499621774849,0.619210765792664
"TAAGTCGTCGAGAGAC-1",-4.50546386941412,-1.34098000721759
"TAATCTCGTCGAAACG-1",-3.17496422036627,-2.8397169847948
"TAATCTCGTGGTTCTA-1",0.910279362359255,1.24001483721906
"TAATCTCGTTGCATAC-1",-5.5660999129627,-0.652008904979888
"TAATCTCTCACGATAC-1",-5.17816189034918,-1.71431596474475
"TAATCTCTCCTTCTTC-1",3.10760828749201,1.87288193507367
"TAATCTCTCGTTCTCG-1",0.253928958335131,-1.77096505360431
"TAATCTCTCTCGACGG-1",-0.119000966763884,-3.9327870150072
"TAATTCCAGACTCCGC-1",-1.1558000157688,-3.93958242134875
"TAATTCCAGAGAATCT-1",-0.806802482447416,1.59424094958478
"TAATTCCAGCCTAGGA-1",-1.44160691007116,-3.56815822319812
"TAATTCCAGGGTAATT-1",-3.98224499925116,-3.0301409502489
"TAATTCCCAACCAATC-1",-0.733864695868284,-0.401328398750488
"TAATTCCGTCAAAGAT-1",-0.578903825125486,-2.01488883690662
"TACAACGCAGGTTCGC-1",5.6254751373913,-0.278404845760528
"TACAACGGTGTGGTCC-1",-3.4248657534931,-3.43525440888232
"TACAACGGTTTCGTAG-1",-3.18123319848517,-2.68909390168018
"TACAACGTCCACTGGG-1",-6.04827383264044,-1.54811520771808
"TACAACGTCGTGTGAT-1",-2.12303534253576,2.45201747222119
"TACAGGTAGCCAGACA-1",0.862647025742739,4.72367875380689
"TACAGGTAGGGTCACA-1",0.20940548078081,-2.85148437218494
"TACAGGTAGTACTGGG-1",-4.73020532830694,-1.8772325058443
"TACAGGTAGTGCCCGT-1",0.590125768342226,-2.68504769997424
"TACAGGTCACCTTCGT-1",-2.06734362348059,-1.82131607727832
"TACAGGTCATTCATCT-1",-1.38511768086889,-3.76487930016345
"TACAGGTGTACTGACT-1",-2.370099575362,-1.42555089192218
"TACATTCAGCTCGCAC-1",2.58375951544306,1.47111718459302
"TACATTCAGGAGTACC-1",2.25132676855585,4.38396422667676
"TACATTCCAATCGTCA-1",-3.74225953324774,-3.97663624481982
"TACATTCCAGGGATAC-1",-1.99531892045477,-1.66527719693011
"TACATTCCATACGCAT-1",-5.48755338891485,-1.88253874974078
"TACATTCCATTGCAAC-1",-1.61681297524908,-0.0056277205211556
"TACATTCGTATCCCAA-1",-2.25290802224615,-2.36752684311694
"TACATTCGTCCTCATC-1",-3.90551427110174,-1.2450406094057
"TACATTCTCAAGTGTC-1",-1.67765298589209,-4.28260882096118
"TACATTCTCGTGCACG-1",3.1920239617016,3.49007909102612
"TACCCACAGACTTGTC-1",3.27668115393183,-0.138062088654701
"TACCCACAGCTATCTG-1",-0.393105537733823,-3.07942445473498
"TACCCACAGGTTCCAT-1",5.36580487982294,0.778645799590882
"TACCCACAGTGGAAAG-1",-6.22882011636236,-0.9872281094057
"TACCCACCACTTGAGT-1",-2.1319973777149,-1.62437744335956
"TACCCACCATAATGCC-1",-1.41858354314306,3.34756867690259
"TACCCACTCATACGAC-1",3.45372411505243,4.45805661482984
"TACCCACTCCAGTACA-1",-0.421454549870283,-4.92019684510058
"TACCCACTCCGAGAAG-1",2.65803930059931,1.0517260293501
"TACCCACTCTCGTGAA-1",0.197662233271807,-5.4115832586748
"TACCCGTAGACATATG-1",-2.14960768922308,-2.18535597519702
"TACCCGTAGGCATGGT-1",-2.00682583554724,1.48728732867413
"TACCCGTCATCCGCGA-1",-5.6054385016773,0.124510833157834
"TACCCGTGTATCGCAT-1",-1.0933621834133,-2.27094395356006
"TACCCGTGTCGACGCT-1",-1.61039236291388,-3.20049221710986
"TACCCGTGTGATTCTG-1",-2.47649029000738,2.16813294692212
"TACCCGTGTTGAGTCT-1",-1.62430682881811,-0.45349900321788
"TACCCGTTCCATCTAT-1",-2.07943704827765,2.69752685828381
"TACCGAAAGTTGTCGT-1",-1.63097778066137,-3.6550839682085
"TACCGAATCCTAACAG-1",-5.02347162469366,-0.707856668995086
"TACCGAATCCTCGATC-1",2.6421725441601,4.82210557265454
"TACCGGGCATGGAAGC-1",4.31162187353632,0.675510154201325
"TACCGGGTCAATCCGA-1",-1.86396101220587,-0.529323710964385
"TACCTCGCAACAAGAT-1",-1.58275237782934,-1.51954491333789
"TACCTCGGTAGATGTA-1",-2.68016436799505,-3.4253202219469
"TACCTCGGTAGGTACG-1",-0.387897611698896,-3.91374285416431
"TACCTCGGTCTGTTAG-1",2.90094873205683,4.14963118834668
"TACCTCGGTGACCGTC-1",-1.18669715627173,-1.43586702542133
"TACCTCGGTTCGGGTC-1",-1.69433704122046,-4.10593111710376
"TACCTCGTCAGATGCT-1",4.90055629507563,0.686945662929353
"TACCTCGTCTCGAACA-1",2.09268304602167,2.11193339629346
"TACCTGCAGCACCTGC-1",-0.640669317087919,-1.51834948258227
"TACCTGCCAGCTGCCA-1",1.92014166609308,3.89128773017102
"TACCTGCCATATCTGG-1",-5.95231226190069,-0.615668251083556
"TACGCTCAGAGATGCC-1",1.00322386518976,2.60362689299756
"TACGCTCAGATGGGCT-1",-0.376126260599882,0.698602185680207
"TACGCTCAGCCGTAAG-1",3.53117725149652,4.59433238310986
"TACGCTCAGCCTCCAG-1",-1.14079716905096,0.0585201765435302
"TACGCTCAGCTTTCTT-1",1.78236564890406,5.24120108885938
"TACGCTCAGGGTGAGG-1",-2.41750601037481,-1.51505680279559
"TACGCTCGTCATCGCG-1",-1.49906888707617,2.5342015485304
"TACGCTCGTGAACCGA-1",-5.83600404962042,-0.650071038768951
"TACGGGCAGGCTCAAG-1",2.01748701826593,2.95778338713818
"TACGGGCAGGGCAGGA-1",6.29752036825678,1.1184722642439
"TACGGGCCACTAAACC-1",-3.37888577683905,-2.52376873688525
"TACGGGCCATGTGCTA-1",5.59967204824945,-0.22537855701274
"TACGGGCGTCGCCTAG-1",0.99726900354883,2.39109580321484
"TACGGGCGTGGGTTGA-1",-2.32679227097967,1.79127101702863
"TACGGGCTCCCGTTCA-1",0.709336011567324,-2.84178526596851
"TACGGGCTCGAACCTA-1",2.98185488478205,5.39970795912915
"TACGGGCTCTTCGATT-1",-5.04279115899542,-1.75388426976031
"TACGGTAAGGCATCGA-1",-1.56036856873968,2.36014334960156
"TACGGTAAGGCCTAGA-1",-0.9572663019512,1.61003665728742
"TACGGTAGTCGGAAAC-1",-1.69080582364538,-3.11705858902759
"TACGGTATCGACCAAT-1",-1.26509693368414,-2.93385727600879
"TACGTCCGTTCTAACG-1",4.48678371206781,0.0350815654756987
"TACGTCCTCGTTCTGC-1",1.13932129637262,1.88925568862134
"TACGTCCTCTGGGCAC-1",-0.274677963099271,-4.98823912339038
"TACTGCCGTACAATAG-1",1.30413672224542,2.84456960959607
"TACTGCCTCTGCTCTG-1",0.305017947116106,-2.21760637955493
"TACTTACAGGTGTGAC-1",2.0699057270672,4.42219559951001
"TACTTACAGTGCAAAT-1",5.0906793762829,0.897837744190034
"TACTTACCACCAACAT-1",-0.969199628672392,-4.14982540802783
"TACTTACCAGTGAGCA-1",0.0793931324865517,-1.56877739624805
"TACTTACTCTATCGGA-1",-0.873813659987241,-0.0855145891172326
"TACTTCAAGAAGCGGG-1",1.01827868715784,2.51067440314465
"TACTTCAAGAGGATGA-1",3.22920343176386,2.5125402669447
"TACTTCAAGCTTTCCC-1",-0.118277687682599,-5.32137663559741
"TACTTCACAAGCAATA-1",5.29123946920893,-0.589473082588378
"TACTTCACACAATGTC-1",-3.84267047151068,-3.93887241082019
"TACTTCATCCATTGTT-1",-3.06675461038092,-2.90764315323657
"TACTTGTCAACTCATG-1",-2.80867770417669,-1.27135105328387
"TACTTGTCAATGGGTG-1",2.26374480024835,1.49445168776685
"TACTTGTGTATGTCAC-1",3.63076874510309,4.15903966231519
"TACTTGTGTGACTCGC-1",0.214100359835833,-2.32452709870166
"TACTTGTGTGCACAAG-1",2.70552489058039,0.410818622543153
"TACTTGTGTGTTAACC-1",0.276608942904681,-3.85906298355884
"TACTTGTTCTACCAGA-1",-3.01333573564032,-1.85719187455005
"TACTTGTTCTGCAGCG-1",0.922248332658022,4.33379475875073
"TAGACCACAAACCACT-1",2.70765396849176,0.198593051268395
"TAGACCACAACGGCTC-1",-0.0385095338437858,-2.81117589669055
"TAGACCACAATTGCGT-1",1.83932933107874,2.14565460486585
"TAGACCACAGAACTAA-1",5.20993110434076,0.599876270725068
"TAGACCACAGTGCGCT-1",-1.54043248399237,2.30699722571545
"TAGACCAGTACTCAAC-1",-0.467932553133756,-4.57425482468433
"TAGACCAGTGTTGACT-1",2.11935898558161,2.53790085120374
"TAGACCATCCCAATAG-1",3.97016546026728,0.349636928273972
"TAGACCATCCGATAGT-1",4.12273380056879,1.69190399451428
"TAGACCATCCTCACCA-1",-2.29612091287115,1.68963722987347
"TAGACTGCAAACACCT-1",-3.41921427949408,-2.18481881813831
"TAGACTGGTAACGTTC-1",1.49024578825495,2.71510498328381
"TAGACTGGTAGCGTTT-1",2.25045272604486,0.544380054904755
"TAGACTGTCGGTGCAC-1",2.80083295599481,1.69605486197644
"TAGAGTCAGTATTCCG-1",1.34504088655969,0.797656701041993
"TAGAGTCCATGACGGA-1",-2.54091838105658,0.0610854440393412
"TAGAGTCTCACCACAA-1",0.601392655530184,-4.44622214035815
"TAGAGTCTCCGAGGCT-1",-1.89715460046271,1.80418638987714
"TAGAGTCTCGACTCCT-1",-0.772872955641538,-4.08550913529224
"TAGATCGAGGACGCAT-1",-1.16959014638403,-4.27224524216479
"TAGATCGCAAGTCCCG-1",6.2514836479809,0.614452109767731
"TAGATCGCATTGGATC-1",0.514783709206789,-3.71123225884265
"TAGATCGGTCGTGGTC-1",0.272814451613634,0.629887328578767
"TAGCACAAGATGACCG-1",1.92976567045709,4.28133981032544
"TAGCACACAAATACAG-1",-1.2118690322254,-0.408191039131347
"TAGCACACACGGCCAT-1",5.0051228691723,0.453403876258668
"TAGCACACACTATCGA-1",-3.86868384583929,-2.339132859276
"TAGCACACAGCTACCG-1",-1.39039638741949,0.639065013362702
"TAGCACAGTCTCAAGT-1",2.48775622145197,3.45841901107007
"TAGCACAGTGAGGAAA-1",-5.49610212548712,-0.787967278526489
"TAGCACATCCAAGGGA-1",-0.931950301966459,-1.00394017891711
"TAGCACATCGATACTG-1",-2.21252468331793,1.02892117304974
"TAGCACATCTAAGGAA-1",0.956814377465456,-4.53053124146289
"TAGGAGGAGACTTGTC-1",3.27564689413568,3.98296563430005
"TAGGAGGAGGCTCAAG-1",1.02037307516596,2.96833913130933
"TAGGAGGAGTTGTAAG-1",-3.50718596681097,-2.43234713272876
"TAGGAGGGTGAAGCTG-1",-3.2508950541828,-0.956426217125121
"TAGGAGGGTTGGAGGT-1",5.36192724005243,1.19999401374036
"TAGGAGGTCCCTTCCC-1",0.478075294652193,-3.06683356957263
"TAGGAGGTCTCACCCA-1",-0.143279148368925,-0.0049197589022553
"TAGGGTTAGCGTGAAC-1",-2.1386895488117,-1.76009042458362
"TAGGGTTAGCTCGAAG-1",2.58597132460138,1.36653308673077
"TAGGGTTAGGGAGAAT-1",0.312847523846835,-4.73877556519336
"TAGGGTTGTAAGAACT-1",-0.654100508532316,-2.78389079766101
"TAGGGTTGTGGTCCGT-1",0.422064273514956,1.5744835595625
"TAGGTACAGCTTCGTA-1",1.72084519163629,2.00368647380048
"TAGGTACCAAGGGCAT-1",-5.3999588797901,-1.11987693505115
"TAGGTACCAGCGGATA-1",3.71263000265619,4.62700764937573
"TAGGTACGTTCGGTAT-1",-1.05061575873831,2.17149035735303
"TAGGTACTCAGTCACA-1",-2.584046633086,2.35626594824963
"TAGGTACTCCGCTAGG-1",0.708407907643526,3.56007020278149
"TAGGTACTCGGTAGAG-1",-1.13206151231268,1.85559217734509
"TAGGTTGAGCTGTCCG-1",-0.0674648444269005,-4.21195919709033
"TAGGTTGAGTACTGGG-1",-2.14717605813482,2.69660131735974
"TAGGTTGCAATCTCGA-1",-0.684165329775602,-4.72837526993579
"TAGGTTGCATGTTCAG-1",-1.18097391828039,0.698957965804871
"TAGGTTGCATTGCCTC-1",2.18167659536859,3.04971067710095
"TAGGTTGGTGCATTAC-1",-0.269789309344083,-4.77086384491748
"TAGGTTGTCGCTTAAG-1",3.71122047201654,0.935337470008668
"TAGTGCAGTCCACATA-1",-2.30445626481512,-2.6590197821123
"TAGTGCAGTGCATTTG-1",3.72783371702692,3.16583649916821
"TAGTGCAGTTGCTGAT-1",-1.90921583875158,1.27897898955518
"TAGTGCATCCGTATAG-1",-0.783112139544279,-2.73922403054065
"TAGTGCATCTTCGTGC-1",3.423756807008,3.93825595183545
"TATACCTAGAAATTCG-1",-4.32381084664801,-1.71509905056781
"TATACCTAGGAAAGGT-1",-3.56138494714239,-1.61410291390247
"TATACCTCATCGGAAG-1",3.21078345076105,5.19173066420728
"TATACCTGTTGACGGA-1",-1.26015177472571,-3.46451909737414
"TATATCCCAAGACGGT-1",5.41169950262567,0.705054388477143
"TATATCCCAATTCTTC-1",-3.81114581330755,-3.6831589479906
"TATATCCCACCGCTAG-1",0.0306379188682732,-4.70659859375781
"TATATCCGTATGGAGC-1",-5.74474552377203,-0.94932003216571
"TATATCCGTCACGTGC-1",-2.16459205850104,2.97869508071118
"TATATCCTCAAGTGGG-1",5.94598600164911,1.25753729148084
"TATATCCTCATCACTT-1",-0.0995545174095932,-4.83161528305835
"TATATCCTCGATACAC-1",5.59734174505731,0.528252706958588
"TATCAGGCAGTATACC-1",0.802399664082735,-4.99750311569995
"TATCAGGGTAACATAG-1",0.177199869313448,-4.25643236832446
"TATCAGGGTCCGGTCA-1",-2.4464185546253,2.35413567824536
"TATCAGGGTGTACAGG-1",-2.79677227242926,-3.15643174843616
"TATCAGGTCCCATAGA-1",1.85045847193262,2.45087401671582
"TATCAGGTCGAGTTGT-1",-4.34026411279181,-0.450416727827255
"TATCCTAAGGCACCAA-1",-0.482356757960111,-3.30542023377246
"TATCCTACACAAGGTG-1",-1.23729661210516,-2.23129852013415
"TATCCTACATGAAGCG-1",-5.71763303979376,0.0596601414518917
"TATCCTAGTCTCACGG-1",2.76851817862055,5.19729726119214
"TATCCTATCAACGTGT-1",-5.24996355279425,-1.90722174839801
"TATCCTATCACCTTAT-1",2.24867436186334,1.28855101866895
"TATCCTATCAGGAACG-1",-2.10370603307226,-3.71621353821582
"TATCGCCCAGCTCCTT-1",3.09829470411798,5.14838712020093
"TATCGCCGTAGACAAT-1",3.76992913977167,0.925266251994904
"TATCGCCTCACCTTGC-1",-1.95367696984747,-1.70010037617511
"TATCTGTAGAGTTGTA-1",0.176677345195025,0.762905345393952
"TATCTGTCAACACACT-1",-5.73668220742682,-1.20404930310077
"TATCTGTGTACAGTTC-1",-0.658295245013029,-1.95773537354297
"TATCTTGAGGGAACAA-1",6.20705339209101,1.31212620539838
"TATCTTGAGGGTTAAT-1",0.393233804860323,-4.38971884445972
"TATCTTGCAGCTCCTT-1",-2.5634053061817,-0.0373957295877373
"TATCTTGTCCCTTCCC-1",-2.62293151124457,-3.52127440171069
"TATGTTCCATGGTACT-1",4.22371932760736,1.1851556758421
"TATGTTCTCGGAGCAA-1",-2.06420484288672,-3.37324054436511
"TATTCCAAGCCTTCTC-1",3.33318373457453,4.51893870635205
"TATTCCAAGCTGCCTG-1",-2.46937850221136,2.4288799027937
"TATTCCAAGTTACGTC-1",-0.81896850570181,0.228268356158074
"TATTCCACAGCGTAGA-1",0.40326037899515,3.4674004773634
"TATTCCACATGGAAGC-1",1.41575047270319,3.79548780722791
"TATTCCACATGGGTTT-1",5.69648191229364,1.44074027342969
"TATTCCAGTCACTCGG-1",-1.16258481248358,2.96885149283582
"TATTCCATCAACTACG-1",-1.00768885119894,-3.52257783608264
"TATTCCATCACGACTA-1",3.68541332975885,3.74864117903882
"TATTCCATCGAATCCA-1",-0.537240923485548,-2.50771625237292
"TATTGCTGTTATCTGG-1",0.232784300008028,-4.24532540039844
"TATTGGGGTGCTCGTG-1",-2.01244750722387,-1.14326067166156
"TATTGGGGTGGATCGA-1",-1.61777976258734,-2.1516431112749
"TATTGGGTCTGCATGA-1",4.45458051458856,-0.560005917118255
"TATTTCGCACATAGCT-1",-2.71344974740484,1.96704714102918
"TATTTCGGTCCGAAAG-1",2.30266949430963,5.10042159362012
"TATTTCGGTGTGTGTT-1",-2.63003900750616,-3.10063679413623
"TCAAGACAGAGGCGTT-1",3.3765418221142,2.90480224890881
"TCAAGACAGCTAAACA-1",3.50512787596247,4.28870122237378
"TCAAGACAGGTACAAT-1",-0.0583558316443268,-2.64562566475696
"TCAAGACAGTATGATG-1",-3.39545586808661,-1.62589569287128
"TCAAGACCAACTCATG-1",0.945183723130434,4.62013499541455
"TCAAGACCAGGTTACT-1",1.3026847530987,4.9516283731001
"TCAAGACTCGTCTACC-1",-0.760834247908384,-2.53100259499377
"TCAAGCAAGGTTCTTG-1",-1.2813282321308,-3.91123540596789
"TCAAGCAAGGTTTACC-1",-2.30746558412054,-2.75245769219226
"TCAAGCACACTTCCTG-1",-0.19942396982649,-3.33586580948657
"TCAAGCACATAACGGG-1",-3.95070675118902,-1.1932576437456
"TCAAGCAGTAGTAAGT-1",-0.00737889214494855,0.664470599128541
"TCAAGCATCGTCTACC-1",-0.250285529634744,-2.05065090851611
"TCAAGCATCTGCTGAA-1",0.933716147103518,-2.47858078675098
"TCAAGTGAGACATAAC-1",-3.46153691514471,-2.70927269654101
"TCAAGTGAGCGCCATC-1",-0.143076692811042,0.980980143977937
"TCAAGTGGTCGACTTA-1",-1.43064895375708,1.65484909815961
"TCAAGTGTCAGTCCGG-1",-4.80807140573004,-0.0771111239654458
"TCAAGTGTCCCATAAG-1",6.35498449102899,0.922003553344544
"TCAAGTGTCGGTGCAC-1",-0.153021562016398,0.267939866616067
"TCAATCTAGTGATCGG-1",-2.17045262559393,-3.14456064896411
"TCAATCTAGTTCACTG-1",-2.27251580461004,-3.91351826386279
"TCAATCTCAATAGAGT-1",1.01965460077783,2.8115486363905
"TCAATCTGTACTGCGC-1",0.730858175912112,-3.23315890030688
"TCAATCTGTTACCTTT-1",-2.11766901715735,1.41391401095563
"TCAATTCAGAAGCCTG-1",5.45219537512323,1.17106847567731
"TCAATTCAGTGCACCC-1",1.61675783888361,2.82281772895032
"TCAATTCGTAGCTCGC-1",-1.1778285811756,-4.20673210816211
"TCAATTCTCAAGTAAG-1",1.13413783804437,1.78717057509595
"TCAATTCTCGCCAATA-1",-4.7814638923023,-1.42442436413592
"TCAATTCTCGCCACTT-1",3.36932775274774,4.4153472642439
"TCACAAGAGAGTTGCG-1",1.18807706133386,-3.57539279656238
"TCACAAGAGCACCAGA-1",2.87035509840509,2.21618764205151
"TCACAAGAGTATGCAA-1",-0.361837000689298,3.49735872550183
"TCACAAGCACGCTTAA-1",2.08527395025751,2.28516809745007
"TCACAAGCAGATACTC-1",-1.88661065801123,-2.54554326729602
"TCACAAGGTACAATAG-1",-1.39703396066168,1.54199473662549
"TCACAAGGTAGATCCT-1",-0.654401392779142,0.335114644004639
"TCACAAGTCAAATAGG-1",4.41897269979975,0.886896000339326
"TCACAAGTCGACGACC-1",-2.22948053582647,-3.91847641663379
"TCACAAGTCTTTCAGT-1",-1.67496565087774,-3.8945585031969
"TCACACCAGTCACAGG-1",-3.84916356309393,-3.93145926194018
"TCACACCCACATGTTG-1",1.75035402075312,3.74113433165723
"TCACACCCAGGTGGAT-1",-1.56619766458014,-3.60089237885303
"TCACACCGTAGCGCTC-1",-0.264033318600446,-5.07765228943652
"TCACACCTCAGCTAGT-1",-6.31937101586798,-1.01601798729724
"TCACACCTCGGTCAGC-1",-0.0613444681380096,3.71825234694653
"TCACATTAGTCTCTGA-1",0.147280453601092,-5.29276545243091
"TCACATTCAAAGTGTA-1",-2.52681711419562,-0.186572759316627
"TCACATTCAACCGTAT-1",-4.36186626656988,-0.479159428642455
"TCACATTGTGCCTATA-1",3.51981279150507,4.72178952498609
"TCACATTTCACAACCA-1",-5.18561390145758,-1.92022676663226
"TCACGCTCAGGACATG-1",-2.9524388621662,-0.1040124584896
"TCACGGGAGTCATACC-1",0.271722643532961,-3.78602035240955
"TCACGGGCAAGTGATA-1",-1.31870654328802,-2.09537155823535
"TCACGGGCATATGAAG-1",4.19544955984613,-0.141357629464332
"TCACGGGGTACGAAAT-1",1.4157218624737,4.82779137892896
"TCACGGGTCTTCGGTC-1",-0.50207683547476,2.36012403769666
"TCACTATAGACGTCGA-1",2.12449070707819,3.41262833876782
"TCACTATAGTGCTCGC-1",-2.37219813569525,-3.39840419487781
"TCACTATCACAGCGCT-1",-1.56989815934637,-3.46776206688708
"TCACTCGCACGAGGTA-1",0.0951136638309655,-2.06287439064807
"TCACTCGCACTAAACC-1",1.71317455069086,3.41904322905713
"TCACTCGCAGCTACCG-1",0.24193772570154,-5.29799301819629
"TCACTCGCAGTGTGGA-1",-0.370967791518957,-4.97654993729419
"TCACTCGCATTAGGCT-1",4.92710801855585,0.136621990336713
"TCACTCGTCATATGGC-1",5.56972286001703,0.0249771504687631
"TCACTCGTCCGATAGT-1",2.93944975630304,4.59395806594067
"TCACTCGTCGCTAAAC-1",0.599379985490054,-2.03656704621143
"TCACTCGTCTAGTTCT-1",-3.05018904908636,0.501912073327836
"TCAGCAAGTAGGTACG-1",5.51434585348627,1.53441684050732
"TCAGCAATCCACAAGT-1",2.95390340582392,1.73068778319531
"TCAGCCTAGCGACATG-1",0.352832912364214,-3.90305144982165
"TCAGCCTAGCTGACAG-1",-1.01901552184561,2.03581206603223
"TCAGCCTGTTGTTTGG-1",-3.78544214471319,-3.70602519707507
"TCAGCCTTCAAGATAG-1",2.00403472677728,4.15387456221753
"TCAGCCTTCCCAGGCA-1",-4.55239322885016,-2.01216490464038
"TCAGGGCGTCTCAAGT-1",1.8523364950802,3.13678185744458
"TCAGGGCTCCCGAGAC-1",-0.482188047013074,1.84032146735364
"TCAGGTAAGATCGCCC-1",-0.076820653966457,-5.03700573639697
"TCAGGTAAGGCCTGCT-1",2.57626625792047,4.75682227416211
"TCAGGTAAGTTACGAA-1",0.543552606263369,1.03911833567792
"TCAGGTACAGCACGAA-1",-2.523255617461,2.61309568686658
"TCAGTCCCAGTGTATC-1",-1.62908581002691,-1.42782826618976
"TCAGTCCCATCGGATT-1",-0.868637115797788,0.917790935470399
"TCAGTCCGTTATTCTC-1",3.84499999777338,0.38233052296811
"TCAGTCCTCACTCTTA-1",-1.48295608266333,-2.12352330879993
"TCAGTGAAGCCTCGTG-1",-1.17880061372259,-4.70675642685718
"TCAGTGACAACGATTC-1",-2.7968561957691,-0.759099080131713
"TCAGTGACACGCTGTG-1",1.70344778791925,3.45878546042615
"TCAGTGACATGAAGGC-1",3.11933991209528,3.80279056830579
"TCAGTGAGTCACTCGG-1",-0.312636465868742,-3.12909515099353
"TCAGTTTGTCTTGCTC-1",0.796627252259463,4.14427153868848
"TCAGTTTTCATTGTGG-1",4.92892953650019,-0.388723566101257
"TCAGTTTTCTAACACG-1",-1.0109138797138,-3.42684300141162
"TCATACTAGATACGAT-1",3.33416673437616,4.23427550597363
"TCATACTCACCATTCC-1",1.54450628057978,4.74387996001416
"TCATACTCATGTACGT-1",0.058233945527285,-2.26173646645373
"TCATACTGTGCACAAG-1",-0.0130519132230583,-3.56458575920886
"TCATACTTCTCATTAC-1",4.74819585577509,2.12112085623914
"TCATATCAGGAGACCT-1",-1.31230107053259,-2.05012686447925
"TCATATCAGGATACGC-1",3.37168094412348,1.08817045493298
"TCATATCCACCCAACG-1",-3.06973293527105,-2.26723487572497
"TCATATCCAGCACAGA-1",0.663453190484255,1.17859236998731
"TCATATCGTGAAAGTT-1",0.479980080285281,-2.65330035881824
"TCATATCGTTAGAAAC-1",-5.76701668008307,-0.694640233085815
"TCATATCTCGAACACT-1",5.52511760489008,1.509087012245
"TCATATCTCGGTCACG-1",1.70338126913568,3.88469927115613
"TCATATCTCTCTCGAC-1",-2.75871351464728,-3.76236946778125
"TCATCATAGAGATTCA-1",-2.99539306863287,-3.16018994049853
"TCATCATAGGCTGGAT-1",0.653035013833254,-4.74696285919971
"TCATCATAGTACCATC-1",1.06541928545496,-3.28023274140185
"TCATCATGTCTAACGT-1",6.20842954412958,1.03518454833203
"TCATCATGTCTAGATC-1",2.91650411383173,0.836268053485688
"TCATCCGAGACGAAGA-1",4.43859216467401,0.974141524268922
"TCATCCGAGGAGTCTG-1",-1.50351491673926,-3.01167614655322
"TCATCCGAGTAGTCCT-1",-2.50754717095831,1.84470431609326
"TCATCCGGTGCTGTCG-1",4.90534374014398,1.37594203753644
"TCATGAGAGCCAAGTG-1",-0.21242171629408,-2.27842886643237
"TCATGAGCAGACCCGT-1",1.14753529325983,-4.323672129677
"TCATGAGGTGGCTAGA-1",-0.806527764639646,1.86020510001355
"TCATGAGGTTCTTCAT-1",1.78754827276728,3.8860172490614
"TCATGAGGTTTACCTT-1",-0.755371124586851,2.71336428923779
"TCATGAGTCCACCTGT-1",-0.844137818655759,1.45017747683698
"TCATGAGTCGGTCTAA-1",6.14781781927606,0.32461647792035
"TCATGCCAGCGTTGTT-1",2.3607844998028,1.39404790206128
"TCATGCCGTGAGTTGG-1",-1.18745473130682,-4.30641205506152
"TCATGCCGTTCTATCT-1",5.87280294195673,1.76885990901166
"TCATGCCTCACACGAT-1",5.96175357595941,-0.40275357560939
"TCATGCCTCTCATTGT-1",-5.80223921044806,-0.142591400907699
"TCATGGACAATGTCAC-1",-1.38801482423285,-0.117034344838325
"TCATGGACAGACCTAT-1",2.609627692857,2.29351155562573
"TCATGGACAGTTCTAG-1",-1.02360788091162,2.87635509772473
"TCATGGAGTACGGATG-1",4.02549192205927,0.983455822898682
"TCATGGAGTAGTTACC-1",-1.97445121510962,-2.73332364754504
"TCATGGAGTATTGGCT-1",2.72704550520441,0.270026550723847
"TCATGTTCATGACGAG-1",4.15595933691522,1.86291305823499
"TCATGTTTCCCTCTAG-1",-1.89054980977514,2.97782151503735
"TCATGTTTCGACGCTG-1",4.07236692205927,0.611697719528016
"TCATTACCAACGGCCT-1",-1.68174448712805,1.92759697241956
"TCATTACGTCCTCCTA-1",6.0413252998974,1.27315168185407
"TCATTACGTGTTAGCT-1",0.0661344368841347,-2.95544274048633
"TCATTACGTTGTTTGG-1",0.612287430920809,3.83581940932446
"TCATTACTCAGGAAAT-1",0.244147120871752,1.12598602576428
"TCATTCAAGGATTTCC-1",0.704134910264223,-3.16276200012988
"TCATTCAGTATCTTCT-1",-0.442709894022733,-5.09964544968433
"TCATTCAGTATTTCGG-1",0.84511920706293,0.331447766258057
"TCATTCAGTCTGATAC-1",-1.39154437287787,0.0863672058122718
"TCATTCATCATCGCCT-1",-6.02883747323492,-0.604986741111938
"TCATTGTCATGGAACG-1",-1.76493635877112,0.763557420207795
"TCATTGTGTCGAGCAA-1",6.26353952185175,0.999613092376527
"TCATTTGAGTATGATG-1",-2.47615149720648,0.0933202180104816
"TCATTTGCATTGTAGC-1",6.25044414297602,0.00985790519290804
"TCATTTGGTAGCACAG-1",-1.91925242646673,-1.98584826187915
"TCCACCAAGCGACAGT-1",-5.0009839843128,-0.0233481963140404
"TCCACCAAGTAGTCCT-1",-1.31294766171911,-4.36599476532764
"TCCACCACACGCAAAG-1",1.50913247362635,4.63827245040112
"TCCACCAGTCCCACGA-1",-2.27642515405157,-0.48559488253421
"TCCACGTTCAGTGCGC-1",0.7640391875889,-2.69897659020251
"TCCAGAAAGCTGGCCT-1",-2.96432116731146,-2.40166456894702
"TCCAGAAGTACAAACA-1",5.51148864523432,1.33431951804334
"TCCATCGAGGCAGCTA-1",-1.09728953345755,-3.74438626961536
"TCCATCGAGTGATTCC-1",0.171532927909106,-5.11889393524951
"TCCATCGAGTTACGTC-1",2.338476388612,3.06591098113232
"TCCATGCAGCCACAAG-1",5.99201890722772,0.473787562085923
"TCCATGCAGGGCAACT-1",-2.78069737657049,1.6957313279646
"TCCATGCGTATCACCA-1",2.5579952885296,2.40712158484631
"TCCATGCGTGGAGAAA-1",-0.407253445229322,-4.90209133820361
"TCCATGCGTGTGGTCC-1",-3.13803437455633,-0.644652678535644
"TCCATGCTCCTAAGTG-1",-2.88394573434332,-1.75042875008411
"TCCATGCTCGTAGTCA-1",-2.47018769486883,2.04869406027966
"TCCCACAGTCAATCTG-1",2.35582443968317,0.69772701068097
"TCCCACAGTGGCTGAA-1",-2.38205531342962,0.563102410270509
"TCCCAGTCAGACCTAT-1",-3.53219559892157,-3.94560749726123
"TCCCAGTCATACCGTA-1",-2.63746836884955,-1.80711693959064
"TCCCAGTGTTAGAGAT-1",2.31601521269342,1.87749724192792
"TCCCAGTTCGCATTGA-1",0.930457441964358,-3.6644240160448
"TCCCAGTTCGCTATTT-1",-5.32511118157843,-1.16495032505817
"TCCCAGTTCGTTGTGA-1",-1.17391684754828,-3.76518471436328
"TCCCAGTTCTTGTGCC-1",-0.689666600069791,-1.11596377091235
"TCCCATGAGCTAAACA-1",0.786836772122591,4.08158652587109
"TCCCATGAGGTTCTAC-1",-0.0239125798557106,1.55472020907575
"TCCCATGCAGCCTACG-1",1.95348283545038,4.250218079521
"TCCGAAACAGGTATGG-1",-1.73509541257361,1.13279466433698
"TCCGAAAGTATCGATC-1",2.86223813787958,2.75702707572156
"TCCGAAATCACACGAT-1",-1.52817466958502,-0.173926307724181
"TCCGAAATCTAAACGC-1",-0.131698310245589,0.623090014888581
"TCCGATCCAACATCGT-1",5.85910197989008,-0.130829705761138
"TCCGATCTCGGAATGG-1",-2.39915612443426,-1.25397176937884
"TCCGGGAAGTCGCCAC-1",3.19593736425897,5.18487231536084
"TCCGGGACAACTTCTT-1",3.94609805838129,3.8776742677229
"TCCGGGACACCTCTAC-1",-2.92703583940008,1.74988179011517
"TCCGGGACACTTGACA-1",5.59283372656366,1.19869582457715
"TCCGGGACAGCTTCCT-1",2.82305166021845,0.0157640120970571
"TCCGGGACAGGCGTTC-1",0.541895299115389,-3.49002106385059
"TCCGGGATCAAGCCAT-1",5.76457473532221,0.853010342552003
"TCCGTGTCATCGCTAA-1",0.393613724866122,-4.55918104843921
"TCCGTGTGTGGATCAG-1",2.97558399931452,0.736672089530762
"TCCGTGTGTTAAGAAC-1",-2.38796785577276,2.38683907790357
"TCCTAATCATAGAGGC-1",3.73257371679804,0.275770605637368
"TCCTAATCATCGGAAG-1",-2.54286173089483,-1.31597955422229
"TCCTAATGTTAATGAG-1",-4.75600364907721,-1.23869164185351
"TCCTAATTCGGACTGC-1",2.39276525274774,1.25819830699139
"TCCTAATTCGTAACTG-1",-3.0018658946369,-1.19508965210742
"TCCTCCCAGTACGTCT-1",-1.77888181909063,2.31426064772778
"TCCTCCCCATCATCCC-1",-1.89940407975653,-1.69056339459247
"TCCTCCCGTAACAGGC-1",-0.277252392015249,2.31764666838818
"TCCTCCCGTAGTACGG-1",3.28605791822931,4.98338906569653
"TCCTCCCGTCACATTG-1",-0.137249353910625,-4.64709694580859
"TCCTCCCTCGGAATTC-1",5.30235454336664,1.3424997787016
"TCCTCGAAGCTGTGCC-1",4.97031137243769,0.388155714704331
"TCCTCGACAGGCGTTC-1",5.69010373846552,0.359535054399308
"TCCTCGAGTAAGTTGA-1",-4.35508039697149,-1.2229995270235
"TCCTCGAGTCGCCTAG-1",3.53006955877802,3.77932874961072
"TCCTCGAGTTAGAGTA-1",0.238109527983874,-4.272327258156
"TCCTCGAGTTGCGGAA-1",0.165830789962023,-3.16131241516894
"TCCTCTTCATAGCACT-1",-2.32736256822088,1.54210536284619
"TCCTCTTGTACAGTAA-1",-2.27477052911261,0.873821542693909
"TCCTCTTGTGACGTCC-1",3.04201313749811,4.13017098708325
"TCCTCTTGTGCAACAG-1",2.72039505735895,4.7095138291853
"TCCTCTTGTGTATTGC-1",6.0427753616955,0.87598674102002
"TCCTGCATCCAGTGTA-1",-2.525790483794,-3.2461517591936
"TCCTGCATCCCGTGTT-1",-4.46951225503424,-2.51939041809863
"TCCTTCTAGATGTTGA-1",-0.0464796210739914,-5.19849331574267
"TCCTTCTAGTGTACAA-1",6.38096019522211,1.1748652915495
"TCCTTCTTCCATTCGC-1",2.07974120871088,1.84631173415357
"TCCTTTCAGGACTTCT-1",-0.54904383524397,-0.829841270015899
"TCCTTTCAGGCCTTGC-1",-2.6287870715473,1.66782896323377
"TCCTTTCGTGATTCTG-1",-2.07390204175451,-1.78033502297229
"TCCTTTCTCTATCGGA-1",3.14355489508173,2.59474961562329
"TCGAACAAGTTCATCG-1",-5.67634800179937,-1.6386295099718
"TCGAACATCATCCTAT-1",2.11233708158991,3.97797601027661
"TCGAACATCCATTTCA-1",-0.0785267959449592,0.751478598548707
"TCGAACATCCCTTGTG-1",-0.933085234007627,-3.28286798195666
"TCGAACATCGAGTGAG-1",-1.10570809348562,0.811951981021699
"TCGAAGTCAGCTTCCT-1",3.83973261610529,0.42826877637082
"TCGAAGTCATGATCTG-1",-2.26061537965277,-3.10848052697009
"TCGAAGTCATTCAGGT-1",-4.25903299554327,-1.29871542649097
"TCGAAGTGTCGAATTC-1",0.152329086222857,0.0943377065497005
"TCGAAGTGTGGCTCTG-1",-2.62597444756964,-3.32731707291431
"TCGAAGTGTTATTCCT-1",4.6231386353161,1.81750767035657
"TCGAAGTTCATTGCCC-1",-2.67133811219671,-3.48999674515552
"TCGAAGTTCCGATGCG-1",3.22538754240534,4.11853663726025
"TCGACCTAGAGATTCA-1",-1.27642455800512,0.848229394389924
"TCGACCTCAACTTCTT-1",-5.5439174483631,-1.96984298424548
"TCGACCTTCATAGAGA-1",-0.629898131928236,-1.74141605095691
"TCGACCTTCGACGATT-1",-0.182158821365625,-2.16595370964831
"TCGACCTTCGGCAGTC-1",-4.55151108010748,-1.34782095150775
"TCGACGGAGAATAGTC-1",-2.28678324922064,-3.01971323685474
"TCGACGGAGAGGCGGA-1",5.45105668798944,-0.923474564121429
"TCGACGGAGGTCACCC-1",-4.80493715508917,-1.98394568161792
"TCGACGGAGTCGAATA-1",1.19382926718256,-2.96747071938342
"TCGACGGCAAGGAGTC-1",-0.906706900439054,-0.897795810268584
"TCGACGGGTAAGCAAT-1",2.50874563948175,5.03520791335278
"TCGACGGGTTGCTCAA-1",-2.42055824502447,-3.63982804016894
"TCGACGGTCTAGCAAC-1",3.34608861700556,3.58584563536816
"TCGATTTGTAGCTGAG-1",-0.0419944982145134,-2.68403322892017
"TCGATTTGTATTAAGG-1",3.81071755186579,4.26544253630811
"TCGATTTTCCACACCT-1",5.92952176825067,0.424594179822739
"TCGATTTTCTGTCGCT-1",-3.26166680558661,-2.94547946648425
"TCGATTTTCTTCGACC-1",0.595060854115694,-4.71224196152515
"TCGATTTTCTTGTTAC-1",-1.38067391618231,0.152031117214497
"TCGCACTAGCGTCTGC-1",-1.37815597756842,-2.69072110848254
"TCGCACTAGGTAAACT-1",-0.558203281006605,-4.84016020493335
"TCGCACTAGGTGCGAT-1",1.92943856016657,2.18935220046216
"TCGCACTCAATCTAGC-1",1.30055674807093,2.37816588683301
"TCGCACTGTTTGTGGT-1",-3.06439402802923,-2.53436596588916
"TCGCACTTCGCCGTGA-1",-5.78795412286261,-0.322452022598449
"TCGCACTTCTCATGCC-1",3.2760300327923,4.06060235305005
"TCGCAGGAGACTTCGT-1",-2.22092321618536,1.45563750071698
"TCGCAGGCAGAACATA-1",3.96108123556635,3.33067505164319
"TCGCAGGGTCAGTCGC-1",0.813866226830691,-4.76913674073047
"TCGCAGGTCCCATACC-1",-0.832552165827543,2.90428941054517
"TCGCTCACACTTGACA-1",-1.37174156411627,3.25081746382886
"TCGCTCAGTGGTAATA-1",1.84090062872431,3.55184166236096
"TCGCTCAGTGTTGAGG-1",0.685277609982699,3.28785555167371
"TCGCTTGAGCGAGTAC-1",2.64679738775751,4.0110868672865
"TCGCTTGAGGAACGAA-1",0.288713603177279,-2.92516119675464
"TCGCTTGAGGTGCGAT-1",4.08317062155268,-0.0326765243870652
"TCGCTTGCAACTCCAA-1",0.111066325464457,-2.58132012085742
"TCGCTTGCAATCGCCG-1",5.88276788488886,-0.357748105095092
"TCGCTTGCATGCGTGC-1",-0.390335650286466,-4.32127506928271
"TCGCTTGGTGACTCTA-1",-2.5348830531452,2.49031822486096
"TCGCTTGTCCGAAATC-1",2.34343144194147,3.37552063269788
"TCGCTTGTCCGAGATT-1",-1.80127158864477,-1.17893822388476
"TCGCTTGTCGGATTAC-1",-5.36124160989264,-1.09706134991473
"TCGCTTGTCTTCCCGA-1",-1.36597791417578,1.33369986815625
"TCGGATAAGAGTTGAT-1",-2.85522893174627,-0.25420312480754
"TCGGATACATAGGAGC-1",-2.63900616868475,-1.52386815743274
"TCGGATATCTCCACTG-1",4.05315992132685,0.663077042533692
"TCGGGACCAAAGCAAT-1",1.6806851317074,1.99244372649365
"TCGGGACCAAGACCTT-1",-0.897137732348234,-3.6717732687456
"TCGGGACCACTATCCC-1",-1.85726800664404,3.24337713523084
"TCGGGACGTAGCGTTT-1",-1.0202243636463,2.06250088019544
"TCGGGACGTTCCTAGA-1",-1.41651919587591,2.71970741553479
"TCGGGACTCATTATCC-1",0.516642003216952,0.962063239051636
"TCGGGACTCGTGGGTC-1",-3.96420505746344,-2.20590431885547
"TCGGGCAAGCACGATG-1",6.27228948370478,0.510917202665147
"TCGGGCAAGCAGGGAG-1",0.693297712960452,-3.02981550888843
"TCGGGCACAGTAGGAC-1",-2.70545342668036,-0.432221277521316
"TCGGGCAGTTAATGAG-1",-1.09170404180029,2.66808311743909
"TCGGGCAGTTAGAGAT-1",-5.58687809213141,-0.672290875480834
"TCGGGCATCCTGCCAT-1",-2.77004054292181,-3.88895423607654
"TCGGGCATCTCCTGTG-1",-5.41379430993536,-1.2428239126665
"TCGGGTGAGATTGTGA-1",-4.48525026544073,-1.08683557705707
"TCGGGTGCAACACACT-1",-2.37397602303961,-2.20782120423144
"TCGGGTGCACGGCACT-1",0.383293001809328,-2.7578192491991
"TCGGGTGGTGCTGCAC-1",-1.75741127236822,2.36497108740979
"TCGGGTGTCACACGAT-1",-0.888324827990324,3.00791280074292
"TCGGGTGTCTGTGCTC-1",-1.64277663930395,-0.969581439064208
"TCGGTCTCACACGTGC-1",-4.59469249948004,-0.947787775562469
"TCGGTCTCAGCATGCC-1",-0.856355042300016,3.60489694876843
"TCGGTCTCATGTGCTA-1",-4.11972573502997,-1.76922733979053
"TCGGTCTGTAGAGGAA-1",-1.08587548240164,-4.18387873368091
"TCGGTCTGTTTCGATG-1",-2.67377832635382,-1.63420553402728
"TCGGTCTGTTTGGGAG-1",0.467760830083102,-3.7370808859331
"TCGGTCTTCATAGACC-1",-4.86463955148199,-2.28368194298572
"TCGGTCTTCGATACAC-1",-3.34260347588995,-2.75731857018298
"TCGGTCTTCTACCAGA-1",-2.5045092414234,-3.52741177277393
"TCGTAGAAGACGCCCT-1",6.22376939550897,0.265665174557503
"TCGTAGAAGGACATCG-1",-6.02413585885504,-0.902779056595031
"TCGTAGACAGATACCT-1",0.0867992331173119,1.15434543891126
"TCGTAGATCCATCTAT-1",-5.20335224374273,-0.938163771198455
"TCGTCCAGTGCAGATG-1",3.18946787611505,1.7391154031294
"TCGTCCATCCAAGGGA-1",5.36347743765375,0.953247175647553
"TCGTCCATCCTTATAC-1",0.368779330411166,-4.99511225418872
"TCGTCCATCGACGACC-1",1.15473469988367,4.30452744765454
"TCGTGCTAGAAGGCTC-1",3.32270404593012,2.75359098715955
"TCGTGCTAGGTTAGTA-1",-4.84187200768927,-0.98768718437976
"TCGTGCTCAGTCGCTG-1",0.0139494676973519,-2.81396491722888
"TCGTGCTGTTGACTAC-1",-1.2989416430805,2.76094715399915
"TCGTGGGAGGCAGCTA-1",-5.18341949685553,-1.87270147995776
"TCGTGGGCAACGTAAA-1",3.1040956665661,2.54258577628308
"TCGTGGGGTAACAGTA-1",-0.20311952485779,3.27197639746838
"TCGTGGGGTCGTTATG-1",1.48123332754633,4.21431700987988
"TCGTGGGGTGAGTTTC-1",0.371488719144076,-2.5328219671709
"TCGTGGGTCCAATGCA-1",4.60861751333734,-0.0789838273984826
"TCGTGGGTCCATTTAC-1",0.684639601865023,4.01657097144299
"TCTAACTAGATCGCTT-1",3.45872113005182,0.537537590696152
"TCTAACTCACTAAACC-1",1.37264737383386,4.64512078566724
"TCTAACTCATGGAAGC-1",-0.20913530244568,1.88620333476239
"TCTAACTGTACAGCGA-1",3.59071418539545,2.44627754492932
"TCTAACTGTGTAAATG-1",3.24975654379389,4.79445187850171
"TCTAACTGTTTCACAG-1",2.26128837362787,4.41516845030957
"TCTAACTTCAGGAGAC-1",-5.65800598367193,-0.511023118065063
"TCTACATCAAAGGGTC-1",0.739198951878756,-2.12431342797107
"TCTACATCATGAATCC-1",3.06896611944696,4.90084330840283
"TCTACATGTTCCTAGA-1",-5.36380747064093,-2.0912080545885
"TCTACATGTTGCATCA-1",-3.0466189692829,-2.18828780846423
"TCTACATGTTTGATCG-1",5.82101699606439,1.0770287971037
"TCTACATTCGTAGTCA-1",6.13350745932123,-0.0712925408942139
"TCTACCGAGCAGCCCT-1",2.26701423422357,4.43133466048413
"TCTACCGAGCCTGTCG-1",2.16155144468805,2.3906673650282
"TCTACCGCAACCGCCA-1",-1.96506837113836,0.810924396945771
"TCTACCGGTACCAGAG-1",-1.08576044543722,-2.46474940972156
"TCTACCGGTCAATGGG-1",2.20734020964166,2.26398937506848
"TCTACCGGTCGGTACC-1",3.13648912207147,3.4958543042677
"TCTACCGGTGTCCGGT-1",0.664881556191653,-4.84698374466724
"TCTACCGTCGGTGTTA-1",0.96649417177698,-3.24957115845508
"TCTATACAGGTTCTAC-1",-2.12779954179266,-2.11877734856433
"TCTATACTCATTACCT-1",-3.42201808198431,-3.31891544060535
"TCTATACTCGTACACA-1",-0.841618866762907,-4.54116900162524
"TCTATCAAGATGTTAG-1",-0.710774988970548,1.36710099978619
"TCTATCACAGTACTAC-1",5.4322526146557,0.441678182317551
"TCTATCAGTCGTATGT-1",-0.621320904335767,-3.08999021248645
"TCTCACGAGCATCAGG-1",1.41092976824304,3.24965994162732
"TCTCACGAGGCTCTCG-1",-4.61585834725836,-0.329057588146392
"TCTCACGGTGATAGTA-1",3.1270665814068,4.9285685281294
"TCTCACGGTTCTCCCA-1",-2.23786929353216,2.66845671935254
"TCTCAGCAGAAACCAT-1",-3.98104074700812,-0.620979740188781
"TCTCAGCAGTAATTGG-1",-1.52270129426459,-1.00438494877643
"TCTCAGCAGTGCGACA-1",1.98749706045648,3.9654154042738
"TCTCAGCTCGTGCTCT-1",0.395021407761782,-4.39905007080859
"TCTCCGAAGGTAGTCG-1",-1.87279704316595,0.527473078204926
"TCTCCGAAGTGGCCTC-1",2.80359598890802,4.79828994078809
"TCTCCGACACGTAGAG-1",-1.96520677312353,-0.230923875139419
"TCTCCGAGTAAGATTG-1",-3.64126613839605,-3.83699329094714
"TCTCCGAGTGGCGCTT-1",-3.2395060370777,-3.40654452042407
"TCTCCGATCATACAGC-1",-2.2433848689411,3.02339713378125
"TCTCCGATCGGCTTGG-1",2.72879359022638,4.58718364043408
"TCTCTGGAGCAAGCCA-1",-2.56004050477484,1.85718171401196
"TCTCTGGAGCATGATA-1",-0.503437013468534,2.27623979849988
"TCTCTGGCAAGGTCGA-1",0.0535206039335427,1.43902723593884
"TCTCTGGCACGCAGTC-1",3.18863126532099,4.65256993575269
"TCTCTGGGTGTTGACT-1",0.969887702622622,-4.08428747849292
"TCTCTGGTCGATTGGT-1",-1.87278130753973,-1.85858864979571
"TCTCTGGTCTGTCAGA-1",5.29508277670404,-0.0896575440627968
"TCTGCCACAACTTGGT-1",3.61511632696649,1.00282017989331
"TCTGCCACACTTTAGG-1",4.50952932135126,1.27744393153363
"TCTGCCACATCCTAAG-1",0.861907332101077,2.74644367499524
"TCTGCCAGTTAAACCC-1",2.42950674788019,4.02203457160169
"TCTGCCATCACCCTTG-1",0.14672100440523,-3.75912149147815
"TCTGCCATCTAGTCAG-1",-1.42439559205511,1.02324806256467
"TCTGGCTAGTAGGGTC-1",-3.17019918664435,-2.29710633950061
"TCTGGCTCAGAGGCAT-1",1.74530717627069,2.11096255583936
"TCTGGCTTCTAGTGAC-1",2.93153497473261,4.68579022689038
"TCTGTCGCACACCGCA-1",2.82488223806879,4.73609416289502
"TCTGTCGGTGCATGTT-1",0.850004403748721,-2.4461303492052
"TCTGTCGGTTTGCAGT-1",0.582673578419894,0.809379921390351
"TCTGTCGTCTTCCTAA-1",-1.94892993672827,2.63341681761914
"TCTTAGTAGTAAGGGA-1",2.14831754461786,2.86973469062024
"TCTTAGTAGTGGTGGT-1",-1.5504236529682,1.48985140128308
"TCTTAGTCACTCCTGT-1",-0.955066234907896,-3.52527601914233
"TCTTAGTCATGACACT-1",0.533492295899599,-3.82232053475207
"TCTTAGTGTTGGAGGT-1",3.24955245749018,2.30450503630811
"TCTTCCTAGGATATGT-1",2.25747343794367,3.86747567458325
"TCTTCCTCAGAAGTTA-1",-0.579048008761198,-4.84316857056445
"TCTTCCTCATGACAGG-1",1.7501945187237,2.90067951483899
"TCTTCCTGTAGCTGTT-1",-0.751462609610349,-4.61515362458057
"TCTTCCTTCGAGCCAC-1",6.35133430258295,0.154439211918648
"TCTTGCGCAATGGGTG-1",3.34332319990656,4.09601943297559
"TCTTGCGCAGCGTATT-1",5.87988063589594,1.11900298400098
"TCTTGCGCATTGAGGG-1",4.98589107290766,0.558039472533997
"TCTTGCGGTACAAGTA-1",0.532444088616579,-3.68260581688708
"TCTTGCGTCGTCACCT-1",4.32442733541986,0.982080922557648
"TCTTGCGTCTTGTGCC-1",0.546401827492922,4.08559100432568
"TCTTTGAAGACTCAAA-1",-3.50869301064947,-2.28089006142444
"TCTTTGAAGGAATGTT-1",2.56754967466852,2.33783619208508
"TCTTTGAAGTATAGAC-1",3.61737009779474,1.23247735305005
"TCTTTGAAGTTCAACC-1",0.82059755817911,4.40647809310132
"TCTTTGACACCCGTAG-1",1.34737309710047,3.98992912573987
"TGAACGTAGTCATGGG-1",-1.59124294026831,-3.38379342751331
"TGAACGTCACGCCAGT-1",0.342869012513369,-2.11431749062366
"TGAACGTGTGAAGCTG-1",0.480712025323122,3.38862650199109
"TGAACGTTCGCCTAGG-1",-5.86578014596441,-1.65237600998706
"TGAATCGTCTTGTTAC-1",-0.577017665943891,-4.428239657448
"TGAATGCAGGCTGTAG-1",1.43989297644159,3.69363372130566
"TGAATGCGTAGGACTG-1",0.908620922723025,-3.16198618607349
"TGAATGCGTCCCTAAA-1",-1.87908664449194,-1.37318380074329
"TGAATGCGTGAGGAAA-1",2.89430519835016,2.35666076941663
"TGAATGCTCGAGAGCA-1",-1.43337860806921,-2.17925532059497
"TGACAGTAGCTGTGCC-1",-2.23754170640448,0.705237911178407
"TGACAGTGTATACCCA-1",2.36531755224726,3.36191932959729
"TGACAGTGTGTTCGAT-1",1.15227994219324,2.55264346404248
"TGACAGTTCGCTGACG-1",-1.45025304063299,-3.31316573815173
"TGACCCTAGAATCCCT-1",-2.98636344178656,-1.10931976036853
"TGACCCTAGACCGTTT-1",5.73792001501581,-0.561991288231078
"TGACCCTAGAGCCGAT-1",0.744542269864291,2.05686681075269
"TGACCCTAGCTCTATG-1",1.83045562998316,1.87017469210797
"TGACCCTCACCTGTCT-1",0.653120427289217,-3.02776153282947
"TGACCCTGTCAATCTG-1",3.51231953398249,4.46557490630322
"TGACCCTTCTACGGGC-1",2.87566253439447,0.108454317881402
"TGACGCGAGGGCGAGA-1",1.05437263742945,3.29978029532605
"TGACGCGAGGTCGAGT-1",-0.905084283194334,-1.15606565670795
"TGACGCGAGGTGCCAA-1",3.99907943502924,1.25195257468396
"TGACGCGCAGCATCTA-1",3.34956952826044,3.01493422789746
"TGACGCGCAGTCGGTC-1",2.84543654219171,3.80528061194592
"TGACGCGTCCAAGAGG-1",1.49417850271723,1.60726527972394
"TGACTCCAGTAATTGG-1",5.62349817053339,0.176164911224183
"TGACTCCAGTCGTTAC-1",-1.86125329240301,-1.6039740581972
"TGACTCCCAGACCTAT-1",3.60315748945734,4.71926276488477
"TGACTCCCAGAGGTTG-1",-4.78779533608893,0.0280562835770214
"TGACTCCCATACCGTA-1",-2.87639334901312,0.922804639770325
"TGACTCCGTGCTCTTC-1",0.431677370228976,-4.72957117752856
"TGACTCCGTTACCGTA-1",-3.66092565759161,-2.81392128662891
"TGACTCCTCGTGGCGT-1",-2.18513491853216,-0.678245379493896
"TGAGACTAGCACTCAT-1",-0.463712574085981,-0.334405227468673
"TGAGACTAGTCCCAGC-1",0.284417956032961,1.42539636893445
"TGAGACTAGTCCGTCG-1",2.2386970211651,1.83910660548383
"TGAGACTCAATTGCGT-1",2.93821307913324,0.050570223110404
"TGAGACTTCTGGGTCG-1",-1.24552026494482,-4.82233412461108
"TGAGCATAGATACTGA-1",-1.64358046754339,-3.74294312195605
"TGAGCATAGTTTCGAC-1",-0.773029775461942,0.689680443240937
"TGAGCATGTTGATGTC-1",-4.70176485284308,-1.53197975354022
"TGAGCATTCGACACCG-1",-3.33224800332525,-1.08476658062762
"TGAGCGCAGACAACTA-1",0.361663072266787,-2.16242082314319
"TGAGCGCAGCTCGAAG-1",-0.630358100971967,-0.30205605821437
"TGAGGAGAGTAGTCTC-1",0.271348982014864,-3.96732933716601
"TGAGGAGGTCTCGCGA-1",-0.412983716568739,1.71767644686871
"TGAGGAGGTGTTAACC-1",0.273898987927645,1.05373315615826
"TGAGGAGGTTACGCCG-1",1.12818655268213,4.34113995833569
"TGAGGAGTCGTGTGGC-1",2.42936345831415,4.59810178084546
"TGAGGGAAGGGATCAC-1",1.51374134317896,1.76555864615613
"TGAGGGACATTGGGAG-1",-0.778026134810239,0.456884131862458
"TGAGGGAGTGGGTCAA-1",4.56064769522211,-0.169015421436492
"TGAGGGATCCTCTGCA-1",0.251434354939669,-5.44512016968555
"TGAGGTTAGCACTAGG-1",0.778202622094363,1.68505565924817
"TGAGGTTAGGCAGCTA-1",-1.91824451192358,-3.79158122734851
"TGAGGTTCAAGAGCTG-1",2.02023479239008,2.9976009587782
"TGAGGTTCATGTGGCC-1",-0.229766489109785,-2.73122222618884
"TGAGGTTGTGGGTTGA-1",-1.61707213624457,0.889269040061768
"TGAGTCACAACGCCCA-1",-2.93590954049566,1.67180948062116
"TGAGTCAGTGGGTTGA-1",-1.36619582875708,-2.16927249626941
"TGAGTCAGTGTTTCTT-1",-0.921977729639799,1.38062827391797
"TGATCAGAGATGATTG-1",4.81349870459101,1.09875147147351
"TGATCAGAGCTGAGCA-1",-5.26443031533697,-0.56300444798297
"TGATCAGGTAAGATAC-1",3.55136677519342,0.759519026710328
"TGATCAGGTCGTCTCT-1",-1.40500775083044,1.86658005519086
"TGATCAGGTCTCTCAC-1",3.43694564596674,5.06508605284863
"TGATCAGTCCAATCCC-1",-3.5272348235462,-3.47397358612842
"TGATCAGTCGTCCATC-1",1.88128587500116,4.11425845427686
"TGATCTTAGCCATTTG-1",5.58199855581781,1.19905333323651
"TGATCTTCAATACGCT-1",3.11607310072443,3.41826717658215
"TGATCTTTCAACCCGG-1",-5.33561542733648,-1.83680339054889
"TGATGCACATACAGGG-1",5.06194564596674,1.76546506686383
"TGATGGTAGACATCAA-1",-2.17393782838324,-0.920903815792266
"TGATGGTAGCGTGAAC-1",-1.17096594079474,-0.364996804760162
"TGATGGTCAGACGCTC-1",4.21267339483759,0.723161862327393
"TGATGGTGTCTGGTTA-1",4.04965564505121,0.802077339126405
"TGATGGTGTTGCATCA-1",-4.18448093636969,-1.33388657765216
"TGATTCTAGGGACACT-1",-4.22523525460699,-1.42697937683887
"TGATTCTGTACCCGCA-1",-0.185474527171642,-3.94053251938647
"TGATTCTGTTGTAAAG-1",5.17461272970697,0.742998526527222
"TGATTCTTCATACGGT-1",2.72491094366571,0.228980974389848
"TGATTCTTCGACGACC-1",0.150032519259661,-2.77943308548755
"TGATTTCCACATAACC-1",0.731070130028933,-4.92095167832202
"TGATTTCCACGGCACT-1",-3.18014624818304,-2.30095536904163
"TGATTTCCACTTCTCG-1",4.41250535742304,-0.0505308051568902
"TGATTTCCAGCAGATG-1",-5.92424467309454,-0.377604915664855
"TGATTTCCATAGGAGC-1",3.90178319708368,0.681326017810639
"TGATTTCGTGCACAAG-1",-1.1597472737644,3.21116559310132
"TGATTTCTCCTACGGG-1",-0.322179512223989,3.44109241767102
"TGCACGGAGCATGCAG-1",-2.61058667405584,0.115675435497102
"TGCACGGCACACGGTC-1",2.1700091053631,5.01628033919507
"TGCACGGCATGTGCTA-1",1.32576605574152,2.44541995330029
"TGCACGGGTAATGCGG-1",-1.10457727416495,0.914692089988526
"TGCACGGGTGTGGACA-1",6.34398385778925,0.322387353612717
"TGCACGGTCCCATTTA-1",-0.256888122401029,3.33289258284741
"TGCAGATAGACCATAA-1",-0.695779473624021,-2.41776855187244
"TGCAGATCAAGACTGG-1",3.86126729742548,4.5439511994856
"TGCAGATCAGAGATTA-1",0.83486381069681,-2.1357944746477
"TGCAGATCAGTTTCGA-1",2.98975846067926,3.77027456565076
"TGCAGGCAGGTTGACG-1",0.2494808723118,-2.30626113610095
"TGCAGGCAGTATGATG-1",-3.81329301103094,-2.48485810952014
"TGCAGGCCAGGAGGTT-1",-0.639320046744138,-0.0252163101894295
"TGCAGGCGTGGACTAG-1",0.451275854268282,-1.52290983395404
"TGCAGGCTCGCCACTT-1",-0.192464572480709,0.835780010654267
"TGCAGTACACCAGCTG-1",-0.493778945050031,2.35749118132764
"TGCATCCAGACCCGCT-1",-3.72797635301092,-3.20145566658801
"TGCATCCCAGACTCTA-1",-0.0114050294373337,-4.73024637894458
"TGCATCCGTAGTGGCA-1",0.00713667170068591,-2.14752180771655
"TGCATGAAGGAAGAAC-1",-4.02618625863531,-1.09209294514484
"TGCATGACAGAACTCT-1",4.84348174826166,1.17023258013898
"TGCATGAGTACATACC-1",-4.34006431802252,-0.435969247387115
"TGCATGAGTTGGGAAC-1",-2.43044164880255,0.925579534007844
"TGCATGATCGAACGCC-1",0.0670891095783409,0.626618133022126
"TGCATGATCTTTCTAG-1",-1.17224910958746,2.41396491332227
"TGCCGAGAGGATATGT-1",-1.58993402226904,-2.37525661186999
"TGCCGAGAGTTTGGCT-1",-1.40689388020971,-0.971816374824706
"TGCCGAGCAACCGGAA-1",-2.15127351983526,-3.54602916436023
"TGCCGAGCAAGGTTGG-1",-2.04559269650915,-2.90119416909045
"TGCCGAGTCCATAGAC-1",-0.516902417979032,-2.93774373726672
"TGCGACGAGAGGTTAT-1",5.50494405523798,0.527357534601029
"TGCGACGAGCAGAAAG-1",2.48528262869379,3.42004840178662
"TGCGACGGTCCGCAGT-1",-1.48520258172491,-0.213745369480315
"TGCGACGGTGATACAA-1",-4.79053190453985,-1.04278094963855
"TGCGACGGTTGCACGC-1",-2.47405031426886,2.06013529105359
"TGCGACGTCACGTAGT-1",-1.33617892964819,0.991146491004761
"TGCGACGTCCGATGTA-1",-1.69748881562689,1.28813378615552
"TGCGATAAGCAATTCC-1",-0.410086215576917,0.756103024913605
"TGCGATAAGCATACTC-1",-4.3790471862171,-1.60580213265247
"TGCGATAAGGCATGCA-1",4.92182323233148,0.307743386461076
"TGCGATAAGTCTACCA-1",1.49610981241724,3.2044519643324
"TGCGATAAGTTCGGTT-1",2.57211634413263,3.12105696005994
"TGCGATACAACACACT-1",-3.44664266808966,-3.84771139817065
"TGCGATAGTCCAGCAC-1",1.23861071363947,4.64469210906201
"TGCGATATCAGCGTCG-1",3.40991803900263,4.47210137648755
"TGCGGCACAAGTGCAG-1",1.00619467989466,3.86094920439893
"TGCGGCACACGTACTA-1",2.9825091053631,5.18607156081372
"TGCGGCACAGACTGCC-1",-0.484292418799192,-0.351714982555572
"TGCGGCACATTGGCAT-1",-2.65874698861578,-1.91643281178302
"TGCGGCAGTATGCTTG-1",-3.55187156899908,-1.1441351910097
"TGCGGCAGTTCCATTT-1",0.0527549077655968,1.56422655387097
"TGCGGCATCCTAGCTC-1",-1.47561016782263,1.45904474063092
"TGCGGCATCGGAATGG-1",5.09592887655756,1.77175526423627
"TGCGGCATCGGTCACG-1",-5.84349468453863,-0.0778638710243142
"TGCGGGTAGAATCGTA-1",-1.30062344773749,-1.17725534634418
"TGCGGGTAGAGATCGC-1",-1.10437938674429,1.99766533179456
"TGCGGGTAGGATGAGA-1",-2.84047415956,1.34334246916943
"TGCGGGTAGTCGAAGC-1",2.61850353971979,4.07292191786939
"TGCGGGTGTGAATATG-1",2.34943672911188,1.78480355544263
"TGCGGGTTCAGCTGTA-1",3.68858024374506,0.17596741123372
"TGCGGGTTCATGCCCT-1",-0.792692513308317,1.81896250052625
"TGCGGGTTCTAGTACG-1",-1.06054726346472,-3.99734432892627
"TGCTCCAAGAGTTGAT-1",2.78480860487482,4.52050082488233
"TGCTCCAAGATGCTGG-1",1.49170038000604,2.26060526175671
"TGCTCCAAGCTTAGTC-1",-1.23135224088171,-0.604627325103942
"TGCTCCACACGGGTAA-1",0.371217339196413,-5.2515195150835
"TGCTCCAGTGTGTTTG-1",5.21331998602411,0.782810554935273
"TGCTCGTCAGTAGGAC-1",0.331245063700884,-4.14996130661792
"TGCTCGTGTATGGTTC-1",1.79502972857019,3.84636466307813
"TGCTCGTGTGTTCAGT-1",0.717415838399142,-3.67061550812549
"TGCTCGTGTTCGGCCA-1",-2.3553164313648,-1.69350273804492
"TGCTGAAAGGCTCCCA-1",-1.57665935262182,-4.48031218247241
"TGCTGAATCGACTCCT-1",-1.0861394117687,2.8427211503523
"TGCTGAATCTTTCCAA-1",-1.99534276231268,1.95826356215649
"TGCTTCGAGGGAGAAT-1",0.553130059399813,-3.64066584305591
"TGCTTCGAGTTCATCG-1",5.59236499563715,0.166081742479142
"TGCTTCGCAGCATTGT-1",5.84748670355341,1.74796204371625
"TGCTTCGCATGAATCC-1",-1.69789102776983,-1.18980403141803
"TGCTTCGGTAGACAAT-1",0.869780986466616,2.93389122290784
"TGCTTCGTCGGTAGGA-1",2.14135953680536,5.24016110701734
"TGCTTCGTCTGTGCGG-1",3.32816383139154,3.63240949912244
"TGCTTGCCAAACTAGA-1",-4.00511744721869,-0.949276759193603
"TGCTTGCGTGTACATC-1",4.50170060888788,2.47447864813977
"TGCTTGCTCGCCTCTA-1",-0.98295536740759,-1.44873459534473
"TGCTTGCTCTCTTCAA-1",-0.324368969640524,-1.43213231758899
"TGGAACTAGATAGTCA-1",-1.00558951600531,1.9284909228819
"TGGAACTAGTGGGAAA-1",-2.54660895570257,-4.01304514603442
"TGGAACTGTACTCCGG-1",0.855119018712252,-3.36344058708972
"TGGAACTGTGGAACCA-1",2.46931144491693,1.87942056460553
"TGGAACTTCTCATAGG-1",-5.49595812066534,-1.78848881916827
"TGGAGAGAGCATCAGG-1",-4.41557529672125,-1.48705883221454
"TGGAGAGCACCATATG-1",2.95708343283197,2.74426619811231
"TGGAGAGTCCGAGCTG-1",-3.19326308473089,-3.59170062737292
"TGGAGGACAATCAAGA-1",-2.19860938294867,-1.63154430584735
"TGGAGGACAGTGCGCT-1",-0.570178211769849,0.509370074703034
"TGGAGGAGTTACCGTA-1",0.373719005742281,3.70358054442578
"TGGAGGATCTCCGATC-1",-1.29701581700781,-1.7562471170885
"TGGATCAGTATCTCTT-1",4.07757159964105,0.387930766774949
"TGGATCAGTCTTACAG-1",-1.69890931352118,2.78302805228406
"TGGATCAGTGCCCTTT-1",-6.18631151422003,-1.32264681057758
"TGGATCATCACCCTTG-1",-1.10794195636252,-2.59773571686572
"TGGATGTCAACTAGAA-1",-3.05986335977057,-2.70378501610583
"TGGATGTCAGTATTCG-1",2.97161552206537,4.54179923339063
"TGGCGTGCATCCGTTC-1",2.74241134420893,3.55618636412793
"TGGCGTGTCGACGACC-1",2.60551401869318,1.31066493792706
"TGGCGTGTCGTTGTTT-1",-2.65817955239752,-1.05123312668628
"TGGCGTGTCTATCGTT-1",-3.83247378571966,-3.82686026291675
"TGGGAAGAGTAGACAT-1",-2.94981744988897,-2.62540896134204
"TGGGAAGAGTGCGCTC-1",3.12773749128839,2.76650492949658
"TGGGAAGCACAGTATC-1",-5.51126936181524,-0.0507446442706025
"TGGGAAGGTCCGGTCA-1",1.83431276575586,5.10683409972363
"TGGGAAGGTCCTCCAT-1",-1.27496948941687,2.04091517729932
"TGGGAAGGTTCCACAA-1",-1.32246986134985,-0.330378427074615
"TGGGAGAAGCACTGGA-1",2.09399840132257,1.69529752535992
"TGGGAGACAAGTGATA-1",3.50356265799066,3.83344356818372
"TGGGAGACAGAACTCT-1",-3.806214601836,-1.22645814614123
"TGGGATTAGTGAATAC-1",-2.61227968438605,-2.74688561158008
"TGGGATTGTAATGATG-1",-0.349596695146352,0.310384974910554
"TGGGATTTCGCACTCT-1",-1.36588576539496,-2.92590553955859
"TGGGCGTCAACTCATG-1",-2.72237971528509,-3.010843588875
"TGGGCGTGTATGCAAA-1",-0.57633802398184,-4.056657626198
"TGGGCGTGTCTGCGCA-1",2.64376136557123,4.90093343062573
"TGGGCGTGTTGGACCC-1",-0.00469187005499036,-3.37031634049243
"TGGGCGTTCCGATGCG-1",-3.31865695222357,-2.11537606911487
"TGGGCTGGTTGTCCCT-1",-6.1053541015003,-1.41596145825214
"TGGGCTGTCCGAACGC-1",5.51551839605829,1.264338300659
"TGGGCTGTCGCCTATC-1",-5.32506969674566,-2.05076964096851
"TGGGCTGTCGCCTCTA-1",1.02956482664606,4.40044753356152
"TGGGTTAAGGTAAGAG-1",4.93560573355219,0.871042952968415
"TGGGTTACAGCTGTGC-1",0.518976836362093,-4.9073074598772
"TGGGTTACATTGAAAG-1",-1.44668427213171,-4.51511652664966
"TGGGTTATCAAATGAG-1",-2.30335548623541,2.81742422385388
"TGGGTTATCCACAAGT-1",-1.98231163724402,-2.65116985039539
"TGGTACAAGGCACCAA-1",3.50846835867426,0.460592732860383
"TGGTACAGTTAAACAG-1",-4.59389999612311,-2.2400379915697
"TGGTACAGTTCCTAGA-1",2.29534813658258,4.39831368727857
"TGGTACAGTTCGATTG-1",0.0367577214624581,-4.86561806397266
"TGGTACATCATCCCGT-1",-3.57111194833258,-3.70861728386706
"TGGTAGTAGCTTTCCC-1",1.3522988249447,2.59835045142346
"TGGTAGTAGGCATCAG-1",1.87758347288629,1.49255029959851
"TGGTAGTCAGTAACAA-1",2.59650656477472,4.78468911452466
"TGGTAGTGTCACGTGC-1",-1.12668982251623,0.826493368579682
"TGGTAGTGTCGGCTAC-1",-2.10660854085425,-1.88519818978137
"TGGTAGTGTTGCATCA-1",0.438798456349581,-2.85702307419604
"TGGTGATCAACCTAAC-1",0.569343893685549,-5.08223278717822
"TGGTGATCACCTGCTT-1",-2.8004613231037,-1.76025338368243
"TGGTGATGTCGGAACA-1",1.3368906666424,3.26040785117322
"TGGTGATTCGACATCA-1",-3.50270465119818,-0.961106135414306
"TGGTGATTCTTGTTAC-1",1.80276045099756,4.50133864684277
"TGGTTAGAGGCTGAAC-1",1.05902466074488,3.37188665671521
"TGGTTAGCACGTGAGA-1",-1.5956992219303,0.237654821111497
"TGGTTAGCATGGAACG-1",-4.92628505929449,-1.35847826199359
"TGGTTAGGTATCGTGT-1",2.75547334448358,3.53526942534619
"TGGTTAGGTCTCACAA-1",1.18026134268305,-3.0786553163988
"TGGTTAGTCTCGAGTA-1",-1.08016583426932,2.25794093413525
"TGGTTAGTCTGCTGAA-1",2.83486744658014,4.76278750701123
"TGGTTAGTCTTTCTAG-1",1.6818374087002,3.9176608781355
"TGTAACGAGGTTGCCC-1",-1.23958793385962,1.69977931780988
"TGTAACGCATTGAAAG-1",0.207261620917529,-4.07440836624927
"TGTAACGTCCGAAGGA-1",-1.14808634026983,-0.563619269893829
"TGTAAGCAGGAGGTTC-1",-1.09567424758413,-4.1831281919939
"TGTAAGCCAACCGTAT-1",-1.831618816695,-1.73104293541736
"TGTAAGCCAAGATCCT-1",0.751773207345217,2.68770472808057
"TGTAAGCCAGACGGAT-1",-0.510695458493024,1.92526356978589
"TGTAAGCCAGTTCCAA-1",5.97064277426264,1.59507231517011
"TGTAAGCGTCTTCAAG-1",-4.58086851342657,-0.79192609982318
"TGTACAGAGAGAGCAA-1",-1.38070216878393,2.8494772176283
"TGTACAGAGCATCTTG-1",-6.02901676400641,-1.02452881531543
"TGTACAGAGGCCTGAA-1",-0.5467178831909,-0.248912884758178
"TGTACAGAGTAGTCTC-1",-2.87996509774664,-2.65233547882861
"TGTACAGAGTGAATAC-1",-3.14517834886053,-1.38546688752002
"TGTACAGGTGTTCCAA-1",0.304954021134585,1.37645344538861
"TGTACAGGTTGTTGTG-1",2.57345363394281,4.65495459838086
"TGTACAGTCAATGCAC-1",-1.86145451768377,2.23060338301831
"TGTAGACAGATAGCAT-1",1.71469923750421,3.08458678527051
"TGTAGACAGGCCCAAA-1",5.13875791327021,2.09346000952893
"TGTAGACCAAAGGCGT-1",5.10938569799921,2.00619320674115
"TGTAGACGTAGACGTG-1",-4.60872677072027,0.0147079314129913
"TGTAGACTCAAAGCCT-1",3.01412436262628,1.723167465164
"TGTAGACTCAACGCTA-1",-1.20676806672552,-1.1510636349184
"TGTCAGAAGGTCGAGT-1",0.715042083420962,-3.01117809014148
"TGTCAGAAGTGGAAGA-1",-5.45758035882452,-0.873333050773803
"TGTCAGACACGTACTA-1",-4.07787850602606,-1.67909581856555
"TGTCAGACACTTGTGA-1",-1.98785618051031,-0.859700812862579
"TGTCAGATCGTCGCTT-1",0.555463044800967,-1.83580358223743
"TGTCAGATCTGCATAG-1",-5.20362117989996,-0.991520001457397
"TGTCCACAGAAGGTAG-1",4.95249912039301,0.717475638820466
"TGTCCACGTCAATGGG-1",-1.66619697316626,2.58593623442822
"TGTCCACGTCCAATCA-1",0.658611803212374,-3.59689314560718
"TGTCCACGTCTCACGG-1",1.73151370779535,1.63944761557752
"TGTCCACTCAGACTGT-1",2.8979303528454,3.87408273024732
"TGTCCACTCCTAAGTG-1",0.718857793965548,-4.52616245941943
"TGTCCCAAGCACCGTC-1",1.94014188543817,5.10646645827466
"TGTCCCAAGTATAACG-1",-0.149341031080872,0.583148942424592
"TGTCCCATCACCTCAC-1",-1.44120016797522,2.00588743491345
"TGTCCCATCTCTCGAC-1",-0.0360505293224159,0.20695817573243
"TGTCCCATCTGAGTCA-1",5.61242076651117,-0.15465903179473
"TGTCCTGAGCGAAACC-1",3.33307167784235,3.75984256072217
"TGTCCTGAGGAAGTCC-1",-0.52238232000807,3.00275962157422
"TGTGAGTAGACGATAT-1",-2.54018166764715,-2.84065659241504
"TGTGAGTAGCCGTCGT-1",-1.44562521680334,1.54238836569959
"TGTGAGTTCTATTGTC-1",-0.424131126246244,-0.884422673748199
"TGTGATGTCACTGGTA-1",4.11120673910639,-0.492285503910247
"TGTGATGTCTTACTGT-1",4.13874408499262,0.936278031303223
"TGTGCGGAGAATCGCG-1",2.46702286497614,2.65653865142041
"TGTGCGGAGTCAGAGC-1",0.853763847508639,2.02112417025739
"TGTGCGGCAGTGAGCA-1",1.06356915728113,-4.54137880997485
"TGTGCGGGTGCATGAG-1",-3.40015176042059,-3.52916677193469
"TGTGCGGTCAGTGTTG-1",5.97492620245478,1.74764494700604
"TGTGCGGTCGGTCTAA-1",-0.885960252127439,1.19096557898694
"TGTGCGGTCTCGAACA-1",1.46637686983606,2.04749672217542
"TGTGGCGAGAGTGAAG-1",2.11351415411493,4.09143607421094
"TGTGGCGAGCCTTTCC-1",6.3258244682934,0.157049984766778
"TGTGGCGCAACTCGAT-1",4.93504211203119,1.85856311125928
"TGTGGCGGTCCACTCT-1",-1.13546195729712,-4.59819634156055
"TGTGGCGTCGGAATGG-1",-0.521030307850629,-3.41919429497546
"TGTGTGAAGACGACGT-1",-1.27452924951056,0.610855088664826
"TGTGTGAAGGGTAGCT-1",5.2730991531994,-0.304972453878585
"TGTGTGACAGGGATAC-1",-0.863590032896787,2.17487542433911
"TGTGTGACAGTCGTTA-1",2.29375693098566,2.8988038758772
"TGTGTGATCCAGCAAT-1",-2.92601874574164,-2.78300912575549
"TGTTACTAGCCTAGGA-1",2.75580212370416,4.22892730040723
"TGTTACTCAACGCCCA-1",-0.446019888958723,2.17215196891003
"TGTTACTCATACCATG-1",0.566327898659914,-3.364119603203
"TGTTACTGTCACAATC-1",0.804671554722994,3.229550526573
"TGTTACTGTTATAGCC-1",2.83424875036737,4.5116607408064
"TGTTACTGTTGCGTAT-1",-2.44263866647223,0.322223262025651
"TGTTACTGTTTCGTGA-1",-1.96865978940466,-3.21296246247119
"TGTTACTTCAGGAAGC-1",-1.99464121564367,-3.05151040749377
"TGTTCATAGTAACGAT-1",-4.01168707116583,-1.3199826021654
"TGTTCATGTAAGATAC-1",-4.71016910775641,-1.81146104531116
"TGTTCATTCTTGGTCC-1",-1.32311859830359,0.822321222259339
"TGTTCCGAGGTAGCCA-1",-5.92817381127813,-1.44064934449023
"TGTTCCGAGTTTCGAC-1",0.311183004536837,0.74089221759015
"TGTTCCGCAAGAATAC-1",-3.35159090264776,-2.11739070610828
"TGTTCCGCACCCAATA-1",-2.27498033746222,-3.73181731896228
"TGTTCCGGTGAGCAGT-1",-0.543434352717191,-0.416851623819534
"TGTTCCGTCGGAACTT-1",-2.2235501120899,-0.73745752768344
"TGTTCTACAATACCCA-1",-0.889082701048643,0.33038424058133
"TGTTCTAGTACTCGAT-1",-0.719960124335081,-1.45793373780078
"TGTTCTAGTCGCATCG-1",-1.1208479712818,-1.22670991616077
"TGTTCTAGTTATGTGC-1",4.74818107382318,0.167500325574216
"TGTTCTATCGGACTGC-1",0.646839945473879,-4.64522917465991
"TGTTGAGCAAGACGAC-1",5.83606025473139,0.330339000655946
"TGTTGAGCAAGACGGT-1",0.583588271298617,-1.8576967258913
"TGTTGAGCAAGTGCAG-1",-0.216368005714208,-3.52474410729236
"TGTTGAGCATGGGTTT-1",-1.54206636651495,1.14810542864972
"TGTTGAGGTACCTTCC-1",-1.93815425141791,-2.75220759110278
"TGTTGAGGTGCCTTCT-1",5.55511447683832,-0.248151793049041
"TGTTGAGTCATTCATC-1",-4.75109174951056,-1.44104750351733
"TGTTGAGTCCCTCTTT-1",1.80140098825952,4.13038461013013
"TGTTGAGTCGATTCCC-1",0.306513099827975,0.896462188197907
"TGTTGAGTCTAGTGAC-1",-0.236085930011064,0.758765802814301
"TGTTGGATCACATCAG-1",5.90670177237055,0.57594452901059
"TGTTGGATCAGATGCT-1",-1.72674194081762,-1.59186334805316
"TGTTGGATCGGCTATA-1",1.1302084614422,1.7336724261778
"TGTTTGTAGGTATAGT-1",-2.09013763173559,-2.45678074555225
"TGTTTGTAGTATGACA-1",0.588913588681429,-4.92032034592456
"TGTTTGTCATCAGCTA-1",-0.571094901404173,1.28139691157513
"TGTTTGTGTAACGGTG-1",3.05008837477228,1.66666810317212
"TGTTTGTTCCTCTCGA-1",-2.19121983750799,-1.69097538189716
"TTAATCCAGTTACTCG-1",-5.90640953286627,-0.868340029285613
"TTAATCCCATCGCTCT-1",3.09372040525934,3.590967581703
"TTAATCCGTTAGAAAC-1",0.902069657006472,-3.54297120766467
"TTAATCCTCATTGGTG-1",2.58094331518671,0.260691062642869
"TTACAGGCATGTTCGA-1",-4.06065490945318,-1.72728605465716
"TTACAGGGTAATACCC-1",-1.2812973569248,-4.55654366211719
"TTACAGGGTAGAATGT-1",-0.0493282462570968,-4.8198035498125
"TTACAGGGTTCCATTT-1",4.54732438818476,-0.140614106224242
"TTACAGGTCAGCGTCG-1",0.162775902905672,-2.93371207909412
"TTACAGGTCCGCCTAT-1",-2.11528101666907,3.19288222594434
"TTACCATAGCCTGCCA-1",-2.94096520646551,-2.273787571953
"TTACCATCAGAAATTG-1",4.1004712273266,-0.00595067338770986
"TTACCATGTTATTCTC-1",-1.90844598515967,-1.60005612568683
"TTACCATGTTCTCCTG-1",-2.13345363839605,1.25385706229382
"TTACCATGTTGGGTAG-1",-2.68713048203924,0.320474670364197
"TTACCATTCCCAAGTA-1",-2.68893435700873,1.0845058421629
"TTACGCCAGAGGTCAC-1",0.876517384209841,3.41831319136792
"TTACGCCAGCATATGA-1",-2.25389054521063,-1.46199114517993
"TTACGCCAGCCTCTTC-1",-3.8478143523548,-3.80877144532031
"TTACGCCAGTGGTTGG-1",-1.85908153756598,2.25026695532971
"TTACGCCAGTTGGACG-1",0.376197009244173,1.23691384596997
"TTACGCCCACAATGAA-1",-3.61986473306158,-3.30835015969104
"TTACGCCCAGCTGAAG-1",-4.46605280145147,-2.16127832131213
"TTACGTTAGCCGAATG-1",-4.79598024590948,-1.02451689438647
"TTACGTTGTCGGTAAG-1",1.56348940626642,2.23708622260266
"TTACTGTAGGCCACTC-1",2.59176871077082,1.56135039134198
"TTACTGTCAGCAATTC-1",-1.26161256535986,0.641076491309937
"TTACTGTGTCGTTCAA-1",0.506927697816103,0.792809651328858
"TTACTGTTCCGTGCGA-1",-1.87806502088049,1.0969102839964
"TTACTGTTCGCAGTCG-1",0.140983491101473,-2.23547394470996
"TTAGGCAAGACTCATC-1",1.1740259815838,4.09138457579785
"TTAGGCACAGCAATTC-1",-2.91168239816168,0.810185180141267
"TTAGGCACATCGAGCC-1",-4.28928735955694,-1.12449832157916
"TTAGGCACATTGTGCA-1",5.32344314352533,-0.864890350864593
"TTAGGCAGTATCAAGA-1",1.18404325739405,2.92894904418164
"TTAGGCAGTATGCTAC-1",5.0515210320141,1.70435993476086
"TTAGGGTAGCGATCGA-1",3.41440555349848,3.12626783652478
"TTAGGGTCAAACGGCA-1",-1.71167340978125,-2.57854492859668
"TTAGGGTCATAGATCC-1",-3.35262802346686,-3.41445739464587
"TTAGGGTGTAGCTTGT-1",-2.08769181474188,-2.99394591049976
"TTAGGGTGTCTACACA-1",-4.71951130135992,-0.96657951073474
"TTAGGGTTCCTCAGGG-1",-2.31952193482855,0.281693385078248
"TTAGTCTCACGACGCT-1",1.02001759306452,3.79489271445447
"TTAGTCTGTAGACACG-1",6.09217855230829,1.02623050017529
"TTAGTCTTCAAGCCTA-1",0.960375039735049,-3.92101772026843
"TTAGTCTTCAAGTCGT-1",-1.08062812789419,-1.10408158497638
"TTAGTCTTCTTGAACG-1",5.65109369055292,0.0793571333425605
"TTATTGCCAGGTCCCA-1",-1.5838457654331,0.57037983937436
"TTATTGCGTAGCTAAA-1",5.47670432821772,0.852660165263947
"TTATTGCGTTCTCCTG-1",-5.71031692727545,-1.53217084603137
"TTCAATCAGATGCAGC-1",-1.42470458253363,-0.534175707863036
"TTCAATCTCTACCAGA-1",4.25927373663446,-0.50925369458026
"TTCACCGCAAATGAGT-1",0.178957103648394,0.970174417926606
"TTCACCGCAGGCGAAT-1",-0.186656897059471,4.06070248885327
"TTCACCGCATCCAATG-1",-2.14185384019354,1.88232307238751
"TTCACCGGTGTTGACT-1",-2.38316086038092,1.11821071906262
"TTCACCGGTTCTGACA-1",-1.89243474706152,0.862554834319886
"TTCACCGTCACAACCA-1",2.65554854170343,3.44073741240674
"TTCACCGTCCTCTCGA-1",-0.179384076139719,-1.88809890942401
"TTCACCGTCGAGTGGA-1",5.61898729101679,0.136078999473389
"TTCACCGTCTCCTACG-1",0.336723058381289,-0.325939371154968
"TTCACCGTCTCGTTTA-1",-3.00297835572699,-1.51312763886279
"TTCACGCAGTGTACAA-1",-3.24635079606512,-2.8374570150835
"TTCACGCAGTGTCATC-1",0.372806041398257,3.943426773979
"TTCACGCCACCACATA-1",3.58720752493402,1.1760563115614
"TTCACGCTCGTTAGAC-1",-0.570363284191877,0.674407229854401
"TTCACGCTCTCCAATT-1",3.32717367903253,4.32693974776441
"TTCAGGAAGTGCAACG-1",3.25814720884821,0.77480243249112
"TTCAGGACACAACGCC-1",-0.734220952830106,0.705190048648652
"TTCAGGACACAACGTT-1",-4.8690784285877,-1.73459561066455
"TTCAGGACAGAATTCC-1",-4.19453361733893,-1.06843824581927
"TTCAGGACAGAGCTAG-1",2.23225089804193,2.47975342078381
"TTCAGGAGTCGTGATT-1",0.516631691613406,-3.53691108422107
"TTCAGGAGTCTTACAG-1",-3.04835227235296,-1.43829090790576
"TTCAGGAGTTACGGAG-1",1.28165301577112,3.39942757888013
"TTCAGGATCCCTATTA-1",-1.923699767432,-4.21920569138354
"TTCAGGATCTGCATAG-1",5.77768012777826,1.54557769103223
"TTCATGTCAACGATTC-1",5.54994794622919,1.0006789426344
"TTCATGTCAATCAAGA-1",-0.0772985900852981,-4.34345801071948
"TTCATGTCAGCGTACC-1",-2.39111426576117,-2.51856715874499
"TTCATGTGTGCTATTG-1",-2.74940303071478,1.62485031886273
"TTCATGTGTTAGGGAC-1",3.53986760870478,4.06520859999829
"TTCATGTGTTAGTCGT-1",-2.75776460870245,-2.53490884499377
"TTCATGTTCACTAGCA-1",0.769431679406374,-3.81660158829517
"TTCATGTTCATCTCTA-1",-1.75957730515936,-1.70981009201831
"TTCATTGAGCGGTAGT-1",0.849547534146517,2.96565549178296
"TTCATTGCAACGGGTA-1",-2.33813336595038,-3.36639721588916
"TTCATTGCATAGAGGC-1",-0.62548655374983,1.6286393861311
"TTCATTGCATGGCCAC-1",3.413418500581,1.27689974112683
"TTCATTGTCCATCTGC-1",3.02126046911737,5.00401942534619
"TTCATTGTCCTTCTTC-1",-1.09526190265158,-4.71653588013476
"TTCCAATGTCACCACG-1",-2.22926023705939,1.25074724955731
"TTCCAATTCAGGCGAA-1",4.82027360693476,0.178723679019746
"TTCCAATTCCCTCTAG-1",2.59920307890436,4.39504353804761
"TTCCACGAGATTGACA-1",-0.326605782947332,0.19161875648671
"TTCCACGAGCTTTCCC-1",0.484063415684908,-4.84270508484668
"TTCCACGCAGTAGAGC-1",5.37482043997309,0.825557754470643
"TTCCACGGTCTGTAAC-1",-2.83521512254217,-1.61823363499469
"TTCCACGGTTAGTTCG-1",-0.451525033554823,-3.58176691727466
"TTCCACGTCCAACTGA-1",5.58909580008051,1.93413250250989
"TTCCGGTAGCAACTCT-1",-2.33201316102484,-2.57411534981555
"TTCCGGTAGCAGCGAT-1",0.300841986098498,-5.13986857132739
"TTCCGGTAGGTAGACC-1",2.95689102903864,5.22718589110547
"TTCCGGTAGTGAGTTA-1",-0.481795759043485,-1.24155707554645
"TTCCGGTCAGGGTTGA-1",-3.54368952020147,-1.16155548291034
"TTCCGGTCAGTCGCTG-1",0.19063386217615,1.21012203498059
"TTCCGGTGTCGTTGGC-1",2.2393405129101,5.16989104552442
"TTCCGTGAGCTTGTGT-1",-4.73771122201422,-0.526817693279449
"TTCCGTGCATGAGAAT-1",-0.0222082595441642,-3.9834850569231
"TTCCGTGTCTTTCTAG-1",3.78992053762934,4.13569991393262
"TTCCTAACAGTCACGC-1",1.57724985376856,4.92799155516797
"TTCCTAATCTGCTCTG-1",2.09251639143488,4.90514437956983
"TTCCTCTCAGCGGTTC-1",-2.19497922166327,3.12219278617078
"TTCCTCTGTCTGCATA-1",2.96082660452387,4.70591847701245
"TTCCTCTGTGTACAGG-1",1.65453061357996,3.15392010016614
"TTCCTCTTCCACGTAA-1",0.44534268871805,-4.12272722916431
"TTCCTCTTCCTCACTG-1",-1.62974611028174,-4.42268212036914
"TTCCTCTTCTCTAGGA-1",0.21330299870035,1.98031811518842
"TTCCTTCCATCCTATT-1",5.31468126074335,0.0470517469594741
"TTCCTTCCATGTCTAG-1",0.45629456535837,-3.51705630020923
"TTCGATTAGAAGGATG-1",-1.443261892638,2.46206562323743
"TTCGATTAGGATTTAG-1",-0.619252205929548,2.17217008872205
"TTCGATTCAATCGTCA-1",0.416739254155367,-2.0319469709856
"TTCGATTCACGGGCTT-1",-2.11128285630682,-2.31881458954639
"TTCGATTCACTAACGT-1",-4.21805170281866,-2.08152373032397
"TTCGATTGTACATTGC-1",0.393551974454134,4.06532590193921
"TTCGATTGTACGAAAT-1",1.70164987341425,2.6377958516615
"TTCGATTGTACTCGCG-1",1.31569334761164,4.44130961699658
"TTCGATTTCCTAACAG-1",0.470842569031924,-5.14020235733813
"TTCGCTGAGTGGGAAA-1",5.63555595175287,1.35963349147015
"TTCGCTGCACCAGTTA-1",-1.74698367818335,2.46112172408276
"TTCGCTGGTAACAGTA-1",-1.51151993974188,-1.74183304505176
"TTCGCTGGTCTTACTT-1",-0.806155712446958,1.23614136977368
"TTCGCTGGTGATCGTT-1",-0.970987112364561,0.912075684501466
"TTCGCTGGTGTTCGAT-1",-6.17849996789435,-1.12320442395038
"TTCGCTGTCAAGCTGT-1",-2.7453642199848,-3.05357749657458
"TTCTAACAGCGCCCAT-1",5.91632625357172,1.39512865348035
"TTCTAACAGGAAAGGT-1",-0.097212412497789,-2.23444731430835
"TTCTAACGTTCCAAAC-1",-1.88719526036719,2.80168859763318
"TTCTAACTCACATACG-1",-1.06584033473471,-4.5126951475603
"TTCTAGTGTACACTCA-1",-0.111846410772592,-2.09296567635364
"TTCTAGTGTAGACACG-1",2.17371627584955,0.411437259151276
"TTCTCTCAGTAAAGCT-1",2.63668724791071,1.74123446746045
"TTCTCTCAGTCCCGAC-1",-3.20635750993231,-1.26523394779987
"TTCTCTCCAACTGAAA-1",-5.33300331338385,-2.02203829483813
"TTCTCTCCAGCTGGTC-1",2.05528494612238,1.59775345130139
"TTCTCTCGTATCCTCC-1",0.145083903231829,-5.06833059983081
"TTCTCTCTCCACGTCT-1",3.77727863089105,1.26840178771191
"TTCTCTCTCGGTCTGG-1",5.98734590307733,0.0570920287656152
"TTCTGTACAAGCGCAA-1",-0.44706806643942,-2.1943791647417
"TTCTGTACACAAAGCG-1",0.533126502194613,0.0124245259004199
"TTCTGTACACGCTGCA-1",-1.02597788079718,-5.05377371506518
"TTCTGTACACTCCACT-1",-2.52198603852728,0.660762892200288
"TTCTGTAGTCGTACAT-1",5.07223054663202,2.01760844988995
"TTCTGTAGTTAGAGTA-1",-0.491271735272199,-3.51287062363452
"TTCTGTATCACGAACT-1",2.18878766790888,3.40285484595471
"TTCTGTATCGTAGGGA-1",-0.26223501666525,-2.77379639344043
"TTCTGTATCTGCATGA-1",4.65020725027582,0.516291634275254
"TTCTTCCAGTGTTCCA-1",-1.30480948194006,2.07909767432385
"TTCTTCCCACAGCATT-1",0.0834940363552269,-2.49128062920398
"TTCTTCCCAGTAGAAT-1",0.206748752751559,-5.37664301590747
"TTCTTCCGTGAGCAGT-1",2.07035657660028,3.05092041297131
"TTCTTCCGTTAATGAG-1",2.09889241949579,4.51843421263867
"TTCTTGAAGATGGCAC-1",-0.705288441023618,2.17078916831189
"TTCTTGAAGGGCCTCT-1",-1.78561154111365,0.224320025278863
"TTCTTGAAGTCTAGCT-1",-2.12019303544501,2.02637712760144
"TTCTTGAAGTGATCGG-1",0.481398432412356,-5.14257843689746
"TTCTTGACACATCATG-1",1.36671313540003,4.32074372573071
"TTCTTGAGTTCATCTT-1",-0.455867827973158,-5.29740364746875
"TTCTTGATCCCTTGGT-1",2.82294961706659,4.86250798506909
"TTGAACGCAGGGTTGA-1",2.03072497145197,2.45035664839917
"TTGACCCGTGGCGCTT-1",3.3211800743725,3.8411638001936
"TTGACCCGTTAGAAAC-1",-3.41383221848944,-3.68606264786548
"TTGACCCTCAAATAGG-1",-0.708885462126524,-0.667923821972076
"TTGACCCTCCCGAACG-1",-0.702031464419157,-3.3726292391283
"TTGAGTGAGCTGCCTG-1",2.5323457409527,2.10565511984998
"TTGAGTGCACTACGGC-1",-2.22986343606451,-3.93658502297229
"TTGAGTGGTAGCTGCC-1",-2.47640183671454,1.17560331626111
"TTGAGTGGTCTTGCGG-1",-0.533512503943235,0.702504799796876
"TTGATGGAGATGAATC-1",0.348078100838869,1.15085642142468
"TTGATGGCAATGAGCG-1",0.802828817525118,-3.23600704865283
"TTGATGGCATTGCTGA-1",3.0134887386944,3.52904097838574
"TTGATGGTCACAAGGG-1",-2.52551701768377,-2.39539225296802
"TTGATGGTCGACATTG-1",-1.42061224683264,2.20256893439465
"TTGATGGTCGCGGACT-1",0.0839789797451195,0.926212773753938
"TTGCATTAGAGCATTA-1",-3.56157758935431,-3.49363668160266
"TTGCATTAGGCATCGA-1",-3.7493822882984,-0.668858243988219
"TTGCATTCACAATGCT-1",-3.11925795777777,-3.13744790749377
"TTGCATTCATTCAGCA-1",1.2473047663357,4.79589907927686
"TTGCATTGTGGCTACC-1",-1.46083524926642,1.06914369864636
"TTGCATTTCGAAGTGG-1",-3.32406452401617,-3.44499070839709
"TTGCATTTCTGAACGT-1",-5.86861065133551,-1.61375327305621
"TTGCCTGCAATTGCCA-1",-1.24160364373663,-2.56676252083606
"TTGCCTGGTCAAATCC-1",4.82458421484491,1.92142300410443
"TTGCCTGGTTTGACAC-1",0.99706205622217,-4.18612177567309
"TTGCCTGGTTTGGAGG-1",-3.59797600015143,-2.64618165688342
"TTGCCTGTCCCTCTTT-1",-0.462481231531889,-5.11322481827563
"TTGCCTGTCGTCTCAC-1",-4.87060812219122,-0.275578274295989
"TTGCGTCAGGATCACG-1",5.05304786459467,0.662484333946046
"TTGCGTCAGTAGAGTT-1",5.70370265738031,-0.395801289842788
"TTGCGTCCAAACCACT-1",1.57513949171564,3.92551820082837
"TTGCGTCCAGGCATGA-1",3.7698626209881,0.265860305263337
"TTGCGTCGTTGTCTAG-1",-5.35763719781378,-0.383239044712249
"TTGCGTCTCATCTATC-1",2.95635506407282,4.14988963408643
"TTGCTGCAGACTTCGT-1",-1.89168599351385,1.97909371657544
"TTGCTGCAGCTCGTGC-1",-5.01849344476202,-0.0362475131613648
"TTGCTGCAGTACCCTA-1",4.49056073919794,0.236599356962975
"TTGCTGCGTCGGTACC-1",2.99947711721918,4.26912419600659
"TTGCTGCGTTTCGTAG-1",5.63297340170404,0.798781321479615
"TTGGATGAGCCATATC-1",-5.18644693597296,-0.0535592650038636
"TTGGATGAGCGAGAAA-1",4.22795411840937,1.0161881308096
"TTGGATGAGCTCCCTT-1",-2.41495779260138,-2.79696138100452
"TTGGATGCACACTGGC-1",-1.35749486192206,-3.59484131531543
"TTGGATGGTCCAACGC-1",1.86394485727808,3.57766930861646
"TTGGATGGTCTGATAC-1",-0.486758948406965,-4.13398153977222
"TTGGATGTCCGTCACT-1",-2.64352777703741,-2.38058741288013
"TTGGATGTCCTTCGAC-1",1.84718379274866,1.70676951213055
"TTGGATGTCGGCTCTT-1",4.58426353231928,0.701494560672578
"TTGGGATAGCTGGAGT-1",0.320644914069384,-1.91842920975513
"TTGGGATAGGGTAGCT-1",0.470927922883242,-3.87327583031482
"TTGGGATCACACAGAG-1",-2.15477541192511,-0.290122820900146
"TTGGGATTCTGCGGAC-1",-0.526551158270628,-1.60754783348865
"TTGGGCGAGACATAAC-1",0.125620930352419,-2.58641870217151
"TTGGGCGAGCTAGAAT-1",-0.101621775991112,2.86897318167859
"TTGGGCGAGTCACTGT-1",5.92841121450922,1.4258156280058
"TTGGGCGCATCTAACG-1",3.57655760542414,4.30887048049146
"TTGGGCGCATGCACTA-1",4.48027011648676,0.480603949262437
"TTGGGCGGTACCGTGC-1",-0.932518513045103,-1.74325938420123
"TTGGGCGGTGGCTACC-1",-0.1111336845074,-3.84187681870288
"TTGGGTAAGAAATTCG-1",3.58459350363275,3.39064256949597
"TTGGGTAAGCATTGTC-1",2.23291608587763,4.63933102889234
"TTGGGTAGTGGCCTCA-1",-2.17350962861517,1.42327408595258
"TTGGGTAGTTGGGAAC-1",-2.29408863290289,2.03297822280103
"TTGGGTATCCTACTGC-1",-0.097901673159391,0.975213036968049
"TTGGTTTAGAGAGAAC-1",-1.66096809609869,-4.34797461228198
"TTGGTTTAGTAAACTG-1",2.56877276197931,2.18683879180127
"TTGGTTTCAGTAACAA-1",-2.83584621652105,0.563052938415345
"TTGGTTTCAGTTACCA-1",-0.397725493750364,-2.9800339479906
"TTGGTTTTCGAAATCC-1",0.26940640703699,3.75940816207105
"TTGGTTTTCGTGGGAA-1",0.138796268859118,1.7026117305296
"TTGTGGAAGATGGTAT-1",0.458076207795351,-1.85539288716144
"TTGTGGACAATAAGGT-1",-0.830990166506559,2.83214824004346
"TTGTGGACACCACTGG-1",6.2052452255871,0.857478783561524
"TTGTGTTAGAGTAACT-1",-4.23322942956427,-0.498127653167907
"TTGTGTTAGCGACTGA-1",0.315561114707201,1.04154579444104
"TTGTGTTAGCGACTTT-1",4.50815459982416,-0.303682102726165
"TTGTGTTAGCGATCGA-1",-6.15418651803473,-0.698196126983825
"TTGTGTTCACTGGCGT-1",1.98248144880792,4.84417598052197
"TTGTGTTGTAGACGTG-1",-2.66679337724188,1.90601877970868
"TTGTTCACACGAAGAC-1",-0.317003653487951,1.80051688952618
"TTGTTCATCCAAGAGG-1",5.03942796484491,1.33275525374585
"TTGTTCATCCGGACTG-1",-1.55842807992438,1.89237527651959
"TTGTTCATCGATGGAG-1",-2.29420331223944,-1.93196399407214
"TTGTTGTCAGCATCTA-1",-0.0285590748403373,3.87559096617871
"TTGTTGTGTCGTTGCG-1",-4.80515459283331,-1.47820325093097
"TTGTTGTGTGTACGCC-1",-0.988150567850858,0.210995019509133
"TTGTTTGAGTAACAGT-1",-1.6402913640354,2.34818832678967
"TTGTTTGGTATCGTGT-1",-0.900102288565427,-2.91880781845874
"TTGTTTGGTATGTCCA-1",-1.24625852807501,-3.55924518303699
"TTGTTTGGTGAAAGTT-1",-0.19184100358823,-2.60657150940723
"TTGTTTGGTTGTGTAC-1",5.27383777395746,-0.683956040905181
"TTGTTTGTCAAGAATG-1",-1.71128979428747,-3.68555958466357
"TTGTTTGTCCCGAACG-1",0.19906133309862,-4.81919272141284
"TTGTTTGTCTCAGTCC-1",1.84068712488672,4.20723264022046
"TTTACCAAGAAATGGG-1",-2.46918895944098,-0.00230708243078351
"TTTACCAAGAGTTGAT-1",-2.24961784585455,-0.162341861890022
"TTTACCAAGGAGATAG-1",-1.40150192483404,1.99718932910138
"TTTACCAAGGCGATAC-1",1.85523983732721,2.80076901717358
"TTTACCACAAGTGCAG-1",4.85608789221308,1.74395530028516
"TTTACCATCATGGAGG-1",-3.08285835488775,-2.48041756348437
"TTTACCATCCCAACTC-1",-3.3830263923023,-1.55270548062152
"TTTACGTAGGAGATAG-1",-0.25768496199587,-1.9910739202959
"TTTACGTAGTTGTAAG-1",5.61533471838495,-0.860825135276977
"TTTACGTGTTCCATTT-1",2.39082476393244,4.87373893065625
"TTTACTGAGGGACAGG-1",2.19854828611872,2.06851880355054
"TTTACTGCAAGGCCTC-1",-1.6463240693424,1.03196196360761
"TTTAGTCAGGTACAAT-1",-1.10420665248373,1.8645488481062
"TTTAGTCCAGTGTATC-1",3.35716530577204,3.61444990439587
"TTTAGTCGTAGAGACC-1",-2.70805218919256,-1.122251584099
"TTTAGTCTCAGTCTTT-1",1.01988717810175,-2.53055746750659
"TTTAGTCTCCTACGGG-1",1.86128803984186,3.30489580435925
"TTTATGCAGACATGCG-1",2.53855511442682,2.29358808798962
"TTTATGCAGCCTCCAG-1",1.10460361734888,-3.18429286675281
"TTTATGCAGGTCGACA-1",-0.15142561971286,-2.98554284767932
"TTTATGCCAGGCATGA-1",-0.950865776381284,-4.85304339127368
"TTTATGCCATGTTCGA-1",-0.253156648120672,-4.90333683686084
"TTTATGCGTAGACGGT-1",-1.5288536856983,-0.321149065063659
"TTTATGCGTCATTCCC-1",-4.21050050958136,-2.11797197060413
"TTTATGCGTCGCATTA-1",-2.31573656304815,1.32333295149976
"TTTATGCTCTATCGGA-1",-5.3922717879627,-1.41290493206805
"TTTCACACACAGTCAT-1",2.19619271055719,4.98365132613355
"TTTCACAGTGCATGAG-1",-1.97756496175268,-2.0821748514635
"TTTCACATCCAGCACG-1",1.35422834650537,4.6990215043562
"TTTCACATCCATGAGT-1",-3.44399097665289,-2.18637139992541
"TTTCAGTCACTGAGTT-1",-0.124757048311472,-4.51514418320483
"TTTCAGTTCACCTGGG-1",5.37452766195795,0.398795501424607
"TTTCATGAGAGTTGAT-1",-3.331445486388,-0.80345387654132
"TTTCATGCAACACTAC-1",-2.20789530976751,1.16808943553143
"TTTCATGCACGGTCTG-1",1.15077885881922,-3.08900554375476
"TTTCATGGTTGGGACA-1",-2.28670051797369,-1.7745131988985
"TTTCATGTCGTTGCCT-1",1.23796471849939,1.86732415957623
"TTTCCTCAGAAAGCGA-1",-4.87248543008307,-0.0781939168435967
"TTTCCTCCAACCGACC-1",0.0351517041113076,-5.06081564621753
"TTTCCTCGTCCTGGGT-1",2.286723106065,1.89535860819989
"TTTCCTCTCTTAGTTC-1",0.779769568600863,3.17451016707593
"TTTCGATAGGAAGTCC-1",-0.866365582785398,-2.01713259415454
"TTTCGATCACATATCG-1",5.69031640783808,0.669135556651887
"TTTCGATCACTGGATT-1",3.35177394644281,3.68625109000378
"TTTCGATGTCGCATTA-1",-2.02489557965735,2.09271518988782
"TTTGACTAGCAACTCT-1",1.92757317320368,2.78178541464978
"TTTGACTAGGGCCTCT-1",1.27770265833399,3.49173109336072
"TTTGACTGTAAGGTCG-1",-2.81725648148993,-0.753700270221893
"TTTGACTTCACATCAG-1",1.72203060881159,4.49974124236279
"TTTGACTTCTCGAGTA-1",0.998378126778811,3.07516114516431
"TTTGATCAGCTCCGAC-1",5.93493005529901,1.14502458377057
"TTTGATCAGGCTAACG-1",-0.946756155333311,-0.660019828842345
"TTTGATCCAAAGACGC-1",-0.284501628122121,-2.43222196297473
"TTTGATCCAAGCGAGT-1",-5.59023550256231,0.152492777540025
"TTTGATCCACACACGC-1",-4.99263170464972,-0.880198611782256
"TTTGATCCACGTTGGC-1",1.69990286127588,3.00443594260388
"TTTGATCCAGTTGTTG-1",1.51111420885584,2.78029911322766
"TTTGATCCATAGAATG-1",-5.86900928719977,-0.17343002455062
"TTTGATCCATTACGGT-1",-1.28068748219946,-0.256046368644897
"TTTGATCCATTGAGGG-1",3.26839110151789,4.18084208769971
"TTTGATCGTTTCAGAC-1",2.98794838682672,2.82353369994336
"TTTGATCTCGCATTAG-1",-3.10680893166998,0.785277054740723
"TTTGATCTCGCTATTT-1",-0.773714155993253,-4.47190172867602
"TTTGGAGAGGCAGCTA-1",-0.534311534008772,1.87586383624249
"TTTGGAGAGGTAGACC-1",-3.45147994264105,-3.07586343483752
"TTTGGAGGTAACTTCG-1",2.08842727438471,4.05668847365552
"TTTGGAGGTCTACTGA-1",1.08551987902185,4.18968980117017
"TTTGGAGGTCTTGGTA-1",-2.44234827264288,-2.68595082955188
"TTTGGAGGTGACTCGC-1",-0.541093976340086,-4.37987787918872
"TTTGGTTAGTGGTGAC-1",5.02572843328974,1.56236855788403
"TTTGGTTCACTTGAAC-1",3.1428250958111,4.83188073439771
"TTTGGTTGTGAACTAA-1",2.23159357801935,3.93953578276807
"TTTGGTTTCGCTGTCT-1",-2.7337630103443,-1.76097006993121
"TTTGTTGAGCCAAGTG-1",-5.74278286202887,-0.0326077778798974
"TTTGTTGCATTAAAGG-1",1.02784570948145,-4.45763094620532
"TTTGTTGGTCAGACTT-1",3.25164720312616,3.8743030290144
"TTTGTTGGTTAGGAGC-1",0.462590663590639,-1.93980462746448
